20 20
----####----##---#--
#--#-----------#--##
------##-#---#----#-
-----#-----#--------
-##--##--###--###--#
-#---##---#-#-##-##-
--#-#--&#---#--#----
--#----#---#-#--###-
-#---###--#-#--#--#-
#---##---#-----#-###
----#-#----##-##-#-#
#-#-#---##-#-###--#-
----#----#-#---#--##
--#-----#-#------#-#
-------#---##------#
-##---#----#---#---#
#--#-#--##-------###
--------##---#--@@#-
---#--#-#--------#-#
###--#--##-----##---
19
18 6 1
7 13 3
19 12 14
16 16 16
16 19 6
15 3 6
6 2 11
5 17 2
11 9 8
11 18 15
8 1 11
16 19 1
8 4 17
6 17 5
8 4 6
16 15 16
18 12 6
20 7 13
1 13 3