1000
487670576
886502506
88295872
78829396
551127696
813064747
469092428
349127076
391116106
834104064
690296821
819210022
251699767
473439815
484467063
413952750
529778172
633656057
231185995
812565666
891186175
622584338
794178155
944729497
608725450
825999435
47774359
159004893
96116077
665863639
942128410
219445191
589985906
38111803
450220708
641282890
33985429
316128980
255668044
350188002
218800601
2920476
49080607
623100256
378027789
130742150
578124440
484087016
896267935
858048378
407237563
591806409
959118422
756741355
708494732
774485201
884764615
744993295
923283412
931120740
812521808
816498488
704470368
515404544
361934543
461951568
608739052
443397726
882750598
233076655
367315173
260465984
835719830
771392254
449823740
485391977
671507534
935126959
877082896
950485991
168430399
959675753
442318214
875633018
920569440
97691435
13917139
154221445
115254274
745304852
577978737
808191445
187074420
315853015
692553726
54977915
821766416
616494590
395335742
810153648
215266136
377164679
613855705
274238995
350593868
268817134
735836292
329295776
4813287
133702505
380884326
266657296
289586630
336552933
359421230
179796279
159921643
142973889
244372736
731435882
470439492
241670650
562114311
361928883
736832534
403187206
954742370
161831020
624970050
111342694
514145390
220634050
51936662
469345564
604000917
131486843
889187429
270851530
266393745
187184548
713629823
775274435
775391104
498514070
810795366
670016239
296638759
258096216
306960631
465262392
967876890
732506917
189759991
980062664
814958112
599185688
551666352
973025873
450783828
146087917
906709042
951484795
658779256
960854863
820384582
244273503
563983291
396160193
194606935
786776336
793970441
979956202
838443267
345672875
81066901
500159036
761032190
407429713
392885122
788574606
497619560
18956610
239564564
878880367
40981767
84758308
941900932
210276199
807805788
130297840
25331377
434625565
548035410
236555860
508094446
403338536
102151494
802653927
913661869
71320151
721050979
148981259
691862493
970512368
968577300
100144717
681779919
54865723
844814143
425193622
945108358
978685339
238361434
464511153
478701602
892751181
957523880
515458011
632360304
670262292
39175447
970726532
22313821
298794177
414007268
601449405
634774120
745209723
160090585
135000799
116963270
183449211
435982189
115744876
912772255
31094097
698723610
29467881
425239979
811664334
927475470
343637066
690996836
440089986
810943756
706786778
764079996
319368094
389316161
978089694
897346848
394331198
234174203
887240645
605803490
919573130
282878744
898755171
933638707
431301235
641030828
742457691
290215165
78658938
156546780
934614704
453369842
217774767
121884488
213566610
6969559
84327715
706938509
283989239
589501177
23478020
140523944
31078565
492866916
516724537
78334686
806278571
10240713
420644333
869759272
224510120
799862347
100115208
937343856
432480159
344085828
855894300
17241288
391384163
978440307
661781674
471143954
719742106
313755464
577879986
708720595
454121598
803716842
566905917
572183400
539760723
954908538
627480675
970849993
410266888
965170337
43328441
164371454
15322131
129578533
388806276
603599640
259057966
911178295
646371907
595007443
127816493
188457832
784540669
962274125
352974202
488831109
125886215
384438831
738338012
538139745
549994727
366942257
977913449
919139425
587459498
247075880
98627330
75812427
895058457
906132257
912387991
396122195
990889336
973316341
712461751
268820211
357908941
953408291
7530644
356733713
632760738
754006644
918445734
974002136
900033842
490231514
960999977
155717402
138089041
552205904
38857664
209131458
549255050
288597066
671991495
196874037
89130803
313716272
296543458
435372290
222329992
291155619
822123071
8675917
439093809
638787464
524165061
981490987
503244179
767000281
729501181
58211130
309268810
169603015
741075561
621788175
358755857
100606481
286765652
824943704
518087656
249367619
960077891
732569658
398592825
68546806
197680349
551673745
475944153
964118030
754164966
584280702
643799856
347928981
334081215
948198321
392769908
421985229
886383787
855289389
732310236
340871999
95150237
470575147
267691356
685326584
732228016
263258047
828802951
296908147
710233455
177114797
29792589
585954285
374462173
526468528
552643355
786263363
716241457
354972104
181326361
739754022
379412157
955477508
785410439
270086772
550916291
925055521
589497018
264741649
377710213
668525652
915055641
895656235
720006374
723777528
543335237
923501674
743994188
420382454
543509466
750692578
867417476
438121194
645732018
92130087
974271537
830558568
584943964
744210728
149113779
734089922
252221197
454068027
500302158
14474265
912976996
917806710
2164446
946599758
109797626
462903577
492549304
105065203
107582700
147263435
948452483
595503305
913817317
202533978
195248356
937655454
186914419
99876942
59415317
222859076
317547987
940643514
276314928
781411614
532360604
620609548
960395103
567980384
259670878
96596727
245441872
560922405
780629310
892158552
414881415
994162525
563441139
895543423
45706441
171553892
422679893
560596462
886237893
516186490
967262007
462923858
293797529
708457644
934540823
159420485
450540710
821803339
382309932
546468769
238733472
458348219
204451523
942513980
295797156
405476308
351739575
846936832
971893260
332334687
714326404
813493274
755887514
190037171
568206585
728359909
909076851
845725983
555595395
374167558
683530642
154629933
754784893
258834546
627684603
826051466
445641360
978728715
99676251
893629806
705954138
444882375
576471055
264904383
87779790
472824036
782375296
408234349
759603157
480121232
275920658
4892750
781881991
56802710
361283630
4214747
249243055
198269516
700212099
166464240
511299186
977797465
179339882
469078510
616223669
32507603
166501151
312939181
54540561
142504785
228969762
324745689
373711174
300610922
792608317
440487188
891180840
310605992
147342739
311211216
245635457
542405512
904495745
982827726
248835048
869624330
933960880
876803448
563873255
976416068
412932318
509965859
186290268
50097384
197660045
44683159
594466546
265113662
874216342
937154459
541159675
517024126
336184716
819378763
242611668
266447191
50652058
634959818
877418652
213082293
259396544
281211466
92583343
274469260
499253778
852426566
979418636
968380359
165147939
91619347
863326177
690184548
768430621
484760251
335831739
175383753
439973225
677792414
416339466
729436748
753382330
774515134
248278934
79613272
584988938
213696721
139775575
787437818
434314771
964276398
195665903
12604904
744755728
714644567
646361654
611874277
993743345
591045941
208784749
839299169
196233967
340742271
844528176
646915241
587559604
874951252
132043073
796451421
246352095
134482061
147736842
480549928
571750913
28275525
34097390
199432255
135379154
625942256
754591544
385938610
599794433
323873060
442319842
406301633
975191249
619496131
210368685
79673752
69607422
610271341
927548388
45257698
701898260
645124754
940878425
547047832
695581224
602220131
144880876
950811103
364811639
580257297
852393645
863635024
88973858
346379799
385168529
933362615
62168958
595449688
383681371
628386135
833346670
907092595
864199619
839454322
264896065
550811224
874473705
834926980
873745604
866032227
456521388
142385798
198152270
784314915
519893765
894105814
725219011
131483896
4475501
32246942
526977472
19173212
168203838
266053665
505149284
570668162
801810020
564462157
827106567
410098849
67048404
996876340
526236237
662441844
873930631
820533238
138817644
676339147
951576820
937787808
588428485
375911911
612850010
538808298
91811766
853913471
689497411
227044408
276966366
102988787
753977907
923829915
886376596
492831427
806538604
157436355
362425103
658637774
863080532
106792613
393458377
649791377
732660482
64887155
871881155
663402138
545870937
202196905
60775059
990792980
819731044
542588861
959732602
786053832
759164728
228846939
521013069
885356513
54050466
359503223
479980023
306134118
519434599
978270728
35085991
316599325
974749346
306776558
110405202
254503435
771986553
250079222
409727147
819731511
676671491
252490846
232584044
613320469
409260883
993211120
904790293
773970163
885197759
673837588
229455210
369267344
373911151
920570924
288738057
45099140
102692452
396555798
191707830
849952718
740101165
998536794
318985747
248388431
475922029
956277686
293786635
817203805
43241861
353626228
84186897
483898678
849802060
400422756
461436620
926218826
903455575
481884395
729805960
606854258
990993822
863093200
348630585
8615812
173745385
510458819
459381090
417132050
455042202
108709961
763211262
356253600
694604786
737346393
564265848
730492343
265655655
509500846
498476888
905093429
41664416
537801956
978658752
494004984
596777662
768205087
731099186
241924682
994438450
752725727
590169691
591020262
502552291
158854439
815041332
515744290
575726182
698403464
709238626
592925179
125253498
712917196
685123390
785634520
209717527
685982599
343041056
850648381
583523632
684778962
558866522
481488820
338633117
656992382
409911143
432603310
447772974
183759824
769524263
49430443
215616699
712641850
914011823
845367666
935607252
463282758
126943287
282021577
765971936
913916832
431720727
453900994
304150773
97325704
40729316
813146372
929760063
406758381
350805834
986900564
219199609
108288029
315456284
996579786
539854557
109045230
854121378
914884355
472411029
295355486
957139118
338611361
660946129
648009265
563398356
330697828
899417798
168732120
397349958
795155914
461079634
33822840
711287184
211025149
949325042
788738791
354598809
595451804
981921861
208134166
101523493
362318453
36345245
506052510
687409088
697643646
361526265
450957966
273483383
900228858
620439171
198876583
7644879
330605578
517934450
773880309
736395534
449574796
868022983
895022618
232600987
915837491
173581591
947826362
40932262
77945067
769712586
491829600
944710312
448573086
908777731
232829546
685258457
670021422
952920432
636689822
444428164
736503246
332509772
183738721
482229867
254593932
438746263