1500
785551768
312544281
60217643
967695065
40159383
807221826
586845119
993662722
834714278
915742366
96772914
573918461
187804534
587533770
493145175
727453756
799295572
141398897
680282129
668792633
742205943
302232308
880171199
629570430
562296644
315909485
423484486
253179551
504948415
371447894
934871136
138264834
375410017
919258746
790506437
993159086
684540088
10328994
551490995
34009475
251333003
241290264
417297599
848329359
263091769
921025201
120068724
217222555
942712896
609856780
25282143
155573989
604740413
896073372
548006959
39370824
590502520
403090982
653034484
101880253
651245858
912852360
150060959
754052600
585870149
292250940
789022316
200639446
760725614
992450598
907148539
723848627
604575527
660557909
243365412
345406430
163790303
592143176
236040340
740424424
212087718
907600148
308127353
366151646
283817502
942623724
430984674
617268044
736281832
600729894
482261736
182564620
465279627
249109298
123642798
919457625
61924237
917728887
835351638
548528379
70207039
470293392
214406066
574233347
63633715
11214104
801788811
847544561
857447907
134876061
468551034
366304329
441029937
258465932
426946915
792322686
752381664
854465070
906481670
778258414
164103384
480373390
628437077
282719993
596788752
64612399
201313261
299852799
584886434
746358030
330850191
858431778
650621316
117154351
375731451
708193780
151015116
456449846
596667986
986437942
600071822
380692988
349292593
103484151
132075113
703157932
956588507
904660379
590743761
595710288
838095562
777684856
683618700
229932527
953612812
767444169
814667263
219483963
574350136
900728084
720766615
582624942
575936195
343933128
707871294
842789623
912571708
382326610
8259294
564639226
333429239
396033137
395686464
312109756
11444222
122685555
412251213
82803977
815765975
547332065
313823921
988531336
791070734
848674375
913407721
323311778
919285027
980125261
742645528
841864584
250555982
522317673
935118861
509071201
439443694
51400567
289423866
336275670
719522584
307509996
483529536
836252404
881340293
235469163
784214874
81429527
595792394
532732116
510714305
303281564
2854631
860096850
9231914
336409179
774416699
671372331
786998350
567572029
54228599
222632346
256192517
753722676
255185154
556718435
279171011
806624498
42732647
500171395
125158100
185954970
696522305
711021717
973457603
271452613
618566063
660718039
312726534
87562312
632417403
479527411
637427918
448842793
489629347
660875114
673019239
501002496
995953464
718913018
552532723
909337346
122244227
553795227
486426630
804884044
171597819
79320302
291445436
103185960
555077858
176949026
100324933
199777705
316930543
927208407
820495408
96428969
524499495
318724454
180897517
664046198
642065858
806696457
27525305
650538004
100137218
443125282
743807341
104870364
36531953
770132940
308751694
41356030
965463950
426710675
417505647
226061117
572610098
838866728
110636884
78685701
636897714
556664485
961600480
248288227
438678649
447505545
124272839
995433944
615958428
783867061
832526925
86853776
66347718
884167947
821776127
979387719
179337082
496640310
715021526
431418304
777808757
301069885
257867133
253092555
584961963
929269672
940224474
401091540
108243702
473141451
559650498
774627068
750369352
50341690
164769139
776802269
487144429
203068018
385335190
209353182
734201342
58586054
914335335
828841394
986303584
3156867
328566322
688225020
980035856
569314780
297492633
630313807
157776841
992800458
200053778
121847808
884678912
51431185
983687383
807913053
840538241
170039576
193444356
821472354
622575386
76307060
142211400
632223303
572784088
300236599
790456050
102687396
725701125
129680065
147420296
276540180
494807639
182246073
507919262
988424563
143653739
224590385
690238463
363142001
899482242
742407104
188000940
755565317
706086024
299678062
311116142
604152780
602513272
455868157
530349686
240675388
472351849
995334348
804254552
473312062
137879136
43911445
168145658
933802555
857912611
801584098
110575909
115886090
554029323
713485604
283520290
714997554
657562116
320101147
117101486
369139711
957602288
756166895
124765136
308384511
734811600
245601560
781467864
401489068
485882604
5497707
845290688
121023019
511314283
728710761
683074124
652262054
457554688
537498367
809616816
958926320
170334776
536343394
272070619
637291866
220996167
786183676
313746463
707290377
969916024
525753988
869743840
68240640
219419341
425579387
276017243
383187821
749786421
402144609
361982567
656820046
755152177
629341740
573895401
756111696
933122323
957429372
142778675
897144217
327952408
603082496
4998990
778782338
302326926
593637471
418982475
252508154
721200302
312907183
596843506
914369974
37066261
168089007
69582416
251657142
499818639
786109443
796184651
753771481
740123214
917354796
354588955
40848392
680852322
870700877
394591653
104884092
531392056
351437689
730920681
122176111
609223790
260909625
618468435
341934344
197770027
149438016
755562269
426691410
120503797
191280727
416552443
445628097
483595177
784223713
544800738
683991074
713316172
881553537
739471753
165676419
991379720
563537187
614926430
173617205
488611894
985427037
414314800
260839226
817471871
752584622
404635075
914640648
965186084
140143130
772952482
477234634
892476224
644773347
90311549
936859792
950498244
584966386
843950045
712367484
247245254
222117368
618505666
554354903
744910120
801740917
752770022
876748764
769621256
843493943
314685459
292582340
904963124
392451865
750039639
111537017
545249047
117437252
667749234
521027103
391219760
207116134
221350804
511090377
726835954
821853394
299429120
844668651
966856600
128799399
718991386
446245732
673406413
431196531
647637765
962989281
608469612
845443823
420093112
7478816
668709546
178940014
90439550
773829543
936113614
782644002
158447434
139449736
336150273
74801968
215652288
560886058
233006089
118488388
91701841
896830110
67264114
50713566
459328376
168186254
477832133
980145457
949429315
14872632
594648543
593856671
187928254
728863633
351494507
321810149
785559200
65072714
344776563
685936554
384383231
194495438
327547028
970372200
823484663
89030397
72210820
34898637
43313050
696461395
631418979
750384369
287306442
342823366
435580933
223081688
328710565
753166877
227879860
184015006
970823789
542870862
300346003
782734656
197042134
696544064
473101823
224987801
106118797
527161291
526850088
516566443
248838216
153037140
538417737
134390381
920024393
633306473
452109692
22661389
122111599
750808006
156545947
174270140
172924561
328025811
802400775
898794863
823996228
492990648
964695437
393884826
217507798
43324013
832842926
16824699
550976166
771365666
827071634
204125922
359491955
394893307
686936446
388442997
788040985
615950704
965429923
194872614
132783048
17998835
783992621
868594520
942477148
64144030
16382551
847965920
837992208
586198919
111057209
191502333
7002906
150920880
26357543
280575151
943880051
731337095
551157005
23845738
289758504
510564125
649243592
211105519
13918428
220860163
47079317
373318636
524783471
23281775
368109175
838809819
149443196
913578692
279799377
527179458
422641332
520693771
193190220
48935221
812313245
785548098
807328649
80854648
327817897
329826236
676928308
618325417
518537352
733945240
267285166
933581190
22615783
77834388
602664670
869990280
839995693
289781900
155701646
808465940
284873283
711045580
946843435
784021648
725458664
889476150
368295882
965967038
541761541
632700219
609408162
745652001
86816193
851809841
96415432
159928524
607307760
442605063
336913298
676632188
392755960
102263088
984469212
586808545
931181039
854948979
648569385
159666626
563510736
466131893
748948466
929525369
224796607
72034464
802006180
604090845
482775563
706886348
719338075
359561348
415245331
966933314
528450551
578794299
214541783
245723685
727065131
173363739
375527126
889212233
991932242
533732172
645192744
700149303
406092712
531579343
361747508
260149178
633461972
686278469
994629598
533304535
11721998
324477257
32262689
628135672
410472868
49511799
875086840
32897449
452149521
33549599
146198450
818133043
607926670
14399739
987333322
524303900
380759771
776635209
702357912
873563881
413277271
762045282
683795361
949323433
151397089
325866827
936619619
115237061
389291002
955771526
684700154
644289001
948817777
638335950
751525763
590352653
247829519
73645176
835015566
431773430
184323959
807612451
10494217
141794203
275430976
20167592
598578869
742312808
825742170
337767365
456276058
760207848
109861111
241697235
717302578
599481845
796679153
194826469
851566307
714705240
750047623
120528488
169629015
701689542
290547360
471905044
900612163
298635360
643002417
579626871
459853017
375491191
750107521
830407990
806190030
557151505
162923612
407943822
489522667
532128800
789140555
362201551
498480265
602067661
222974303
524107916
633162682
620614091
53276173
92341698
736998175
951254821
687189224
908495547
825993383
762158852
367692530
711457811
265065799
319056572
754527072
663792269
255704942
73159139
352719174
9946324
730382430
359685350
118205520
813243471
745472355
870981958
833631324
987871910
114266390
551410653
107451746
945064075
292032621
236499253
192075230
731209123
290831998
45930936
292382776
556327744
119735831
909544145
955816543
228042677
58071463
303134584
449567196
424129403
906913593
864124794
807229786
888321896
297414830
228962453
614036115
574326000
258331445
672966642
504265094
590120126
545871832
558089886
65854540
562961747
745867112
591501773
317707797
696652108
769212084
123522138
633855441
687774516
673168134
360026916
860917581
491991114
497124479
489829352
553578039
958289354
531719388
562494480
144185595
919311315
925601004
274554579
788239327
62814040
524877851
84860604
430557944
857747024
435160179
248382538
811044833
691487114
904190789
636256725
418195566
427240681
648394208
229516695
836525398
800873407
599916375
75552879
649518717
630341083
662498060
366269148
819695091
228825794
151958498
255667732
769955282
375210375
857559007
467107164
275177965
520765746
592095738
521264136
862135063
84931354
133495092
463568542
274811517
191282163
503079142
680343936
81681414
484933277
227453127
271021984
430681517
540388304
168992053
593161663
357072675
346235277
453586392
219557540
823741651
68930439
60354579
483512755
686204190
751137460
807857704
850361081
757500856
627207929
301802437
52893539
855261537
683857390
64459857
978693096
13367993
63777980
555827554
489375749
751696456
715524438
108927585
188524044
950515149
649540636
34297064
343132882
633801084
995923622
764118954
449927582
936034196
999854352
788589554
48105319
397463256
370845496
524369136
653731089
169703291
479306809
880089777
821183034
278685646
621044224
828958529
486477547
754510561
948508763
103243918
961946017
332095099
63780359
68145839
515363399
193051899
898074402
279905849
989859595
292077703
618600894
533505294
459928973
200053129
550619382
408017753
650647003
39904694
776943956
20170266
824219982
763285708
390921463
527783218
996305234
518021441
541890619
684368022
633478510
834757995
258897410
846964522
157818039
796613351
561163529
808572669
528308185
649671565
20271456
724466781
770159376
103202868
321927056
629500468
465540398
184591978
442023344
969300894
61280875
212310709
874908983
357652440
3329145
162160782
343346072
157222746
568326890
839021359
736310563
198903381
604950923
183666642
973073697
773925420
252006769
280048300
869263235
608757558
854608359
328168313
53106189
653046192
393446240
460259232
946284848
137228749
104985453
23833426
211163569
103155486
756318315
378187083
45861883
840278362
234626404
532473759
332514770
914287334
838315115
429131273
869559459
949080947
868945207
488104372
200995749
641879394
960494576
577007193
221997710
874074814
359354535
498925713
954053057
230222959
62563901
31743987
184212432
312921187
609032553
124175271
445246121
237212732
970210411
162805068
701019711
923785743
282821467
121034857
409778120
79411422
122815265
200458118
111137480
298677300
948549369
59957312
98488114
531422729
359430435
78777148
623610094
541589970
5809409
536548321
40728580
468513915
249527162
631602066
854332776
79964582
791313424
346169668
993825297
788528326
929349530
978017054
497248655
935665167
273676628
23522442
989774363
985735924
401057357
358994154
561073355
448018917
816444519
16372444
349078325
170837647
154390491
515668340
414887259
382436920
262343104
435115664
220497850
258624400
322247012
662579688
679094935
239899370
52602744
616755160
108655586
890160583
699787915
389556493
31838446
864739681
147221554
645454200
524912710
583967073
143945315
574878925
819105082
718492448
997459281
160025775
470922581
80609397
570078738
209688757
585471099
1808292
233363643
168910404
819684654
69211871
327905038
967351854
837419025
283549508
102680163
883043660
110693381
656136846
375104985
316969238
818331913
842282770
902662135
596030119
227633552
543164207
25539314
973293920
723507340
671391412
242194783
669366529
375445533
171369456
198511716
814223090
131259061
450883637
230482726
990657009
136129871
731267749
859516646
662192217
429661816
870240808
365883790
316345596
164246061
895268168
869646813
575938833
221962783
196482114
659903182
909054986
596253852
534952428
254019570
874307629
899146822
848432911
432196211
848240213
562045818
296108589
874274605
700742008
768693193
960077615
200094039
911350680
633178896
587906624
609901795
991004684
29421434
798516567
471461124
957773628
273669328
342943889
252788304
720010500
829094839
488407704
521610754
968755615
723019565
190327885
410301969
165435742
171623553
197581624
723602868
809761633
537284920
892029376
524484010
270808977
418180795
33519765
719185631
49636278
498158476
451742765
783631323
947049799
991099349
411170214
738228588
142671543
230924998
835734188
718065870
952843773
908121173
318461779
31533528
219337136
4034206
631877800
317719472
594593171
5996894
883326308
733568980
632570616
1831643
330794594
857377908
95231487
170717401
150197378
345273559
450641519
176926563
255029239
156649736
158943044
402465907
623625385
911600069
101824238
758189658
814219335
154291272
580535612
707193784
381894760
983111251
760359345
273200697
624836465
604974013
672856997
324645637
509361644
386257000
146994681
375336137
977971280
638939923
670112809
277622665
276086610
279591591
672396166
383974027
618416563
556127040
974055767
980394357
537462755
729555191
138820538
981697621
709186859
436712096
121739695
168016958
617346519
384050443
614344964
695790422
15046752
949089445
513068766
458724394
625846769
408799812
264334229
79113714
414421935
438167476
11258487
40182987
932251786
766681928
578068751
395240656
982250686
197885463
468510821
712186044
276888768
894791959
390180243
754340207
450532595
106512430
699770840
24232452
266045490
658063840
619539043
971554170
809894326
897294061
83578035
188718554
394656617
330726699
880570439
209342353
156680995
729150506
143039942
112961617
276910288
838577589
981623746
937779800
966154090
124249603
933464563
902445339