2000
157337406
666125178
605791695
366358807
178960627
199358738
998720182
684648341
437491741
613649742
242105996
63485277
507467166
444052522
278072696
32556202
342209255
693620998
160898499
306352970
935191159
98685434
600297566
460419767
781982281
443328633
94822073
457932637
730216487
809763522
833688769
774483952
71823463
215216960
586980594
270562224
29589967
472458892
743694483
59713840
286898761
688267575
426901520
464696436
732362957
645214948
858545350
60528076
275775165
328531653
199529112
672645087
221090744
280077818
991964797
890070737
888896661
506332779
584374177
366363486
968620055
451827869
102276155
760290937
390947552
547364344
485161131
284711267
444552422
92729241
80885087
796888441
907443130
473575627
444279195
673134692
907529236
431014626
324893949
641691520
53621044
340200727
220077925
895312075
302503502
626875173
313696882
477155903
469595453
116496791
794254687
977459556
345355423
354694641
538865708
161058027
110697471
803246450
935648991
741497867
919711737
2254589
467791236
738936030
707861315
247431350
45423054
431889793
723300556
338810344
788300026
16286287
294319227
393211668
80356164
683816415
715102338
903326587
790770145
740947493
525030169
855423752
643120371
755284500
124793874
13787221
465860541
539078469
535355533
292205100
327711760
73683315
572355043
345700231
639664233
450533300
971530091
579518581
524331001
454366107
834722591
238539382
408210762
840604493
540056002
330707480
186648662
578564160
944525244
451116175
794235494
391255248
285909135
583877643
2343146
99388085
244077822
30281092
178316014
937923914
986249525
996088468
547180939
452006102
921859692
471272036
215173055
536419207
984520572
958686731
905456979
857163699
254172146
740694060
571566138
534410789
574979792
553798576
19446350
322345368
859514038
39949896
686655483
598117494
208696374
166102309
295379058
621795505
836188357
92373431
215225272
417788256
80322340
352087517
550331116
658243569
545924905
139584921
742861450
803414561
475174426
628196821
582962195
55128199
560866876
467920222
192373084
482391606
621267012
685802667
912797269
10715680
517175371
487198783
705749895
709796111
410225899
344681608
484079516
472309917
4706554
995911179
769020590
338670934
585796764
432123831
402561434
333904128
801673710
776371924
210855672
338958726
670645167
778988152
343913538
529649570
581914795
983344705
690713765
498653705
617112983
762798389
736927282
557941704
728621544
399722338
459848177
401421802
905126781
811071626
176714434
312151340
823831671
895982511
691782735
619202904
138809113
979888350
384110166
239959489
610151097
174379389
92995240
348354729
884747289
243442884
592182923
707642264
208149707
688176566
502281466
644566794
343940898
262598491
251555400
330312775
446812393
337599642
353342251
616780783
675663600
152088458
325160651
659735494
950346495
77073746
968489904
491228508
513014563
717423745
83336557
29542308
270317412
3333251
263134968
782413991
949819027
243846278
772207894
765867826
276337856
717872353
526018695
307131906
786689817
805305713
894748535
830689573
5378490
557984828
134002038
780695588
714406034
458457155
600488176
260186513
577518410
220586971
893550782
57723763
986316519
150597417
395699917
681955589
377170713
566080181
92810638
902234883
932980798
850349001
913501840
620712270
424494706
276205754
596706342
810573446
719604567
308873288
550634688
176305765
890233023
154322318
673858949
592421488
216869591
419215679
470096045
36240785
385071101
999171686
765707546
281880087
183584471
690186530
822137773
13703209
853256485
286489807
871811866
14921474
174573584
85768790
569031045
11541101
138272296
497109875
942743613
491305767
202258973
706509073
971977557
696989499
500589462
396809618
158417411
828793116
467772961
45310453
852618230
305862210
300395901
219486672
639323986
741324155
349721986
805091157
513527314
806683822
965997793
536001771
155683090
747924438
95010251
281834187
826206568
187776672
5179160
707784062
479191647
166358879
209192257
320493028
274830762
759099542
278199071
769993805
388404021
448518885
626571459
264729027
234120420
515239464
149021522
867682225
755593403
620074232
866765022
848124272
822189390
973645698
512556474
590432619
621850406
627428702
404909539
29621964
275055625
872502608
455631829
382347299
923843256
645473190
390319966
650083068
706769239
391103244
712541999
585996044
447190966
781264708
127548924
35612665
28613589
746287807
517905527
536824629
989135368
448602802
192688122
615241009
217029924
268924711
156451743
758070760
390789112
707862085
390245730
604352111
586666998
934604119
547934066
874828563
410772969
528840828
615031433
793211889
826197959
545282818
334801830
215171707
724872091
380917996
980842292
428347082
687056133
574986933
907844700
217024448
554850446
556395410
557399048
697785215
141074212
414839924
96349534
19466108
958827969
531991457
975835052
992030155
302766374
512294012
504565270
477044286
339577920
198069609
579986940
410233314
186004780
886947513
16762232
946017110
418009722
287694389
490693865
744025659
59513297
988126842
50049810
574713929
214190228
90959940
54847645
61943749
698320392
127019117
690627353
428386490
236852070
5409034
502616672
573575686
122549404
130516937
394906047
236408442
645633148
170030627
594043031
619217401
925307321
917354701
37482188
963796100
565480890
607884606
785825657
227813094
271080309
755627258
867647514
645490544
49782170
817666078
94302915
334725191
429099310
89443696
864734279
565260559
861441849
234227684
936033436
510452107
12764872
446779920
134295291
716289635
757039923
953587889
468772011
498584558
383325372
611068253
748621771
767518753
898700183
176567916
836485133
155015600
840506407
373728278
452497033
936777707
339330449
348545234
865335346
787088528
766110477
656914473
106045998
114873235
798274052
181193884
895916134
638120616
986746749
989088481
903049112
832514349
535166737
201013572
395005690
339954163
344753065
325806309
814493815
295340537
754824427
67209821
523461955
843507812
974711609
856961563
512203499
47843574
982502850
649306581
77907109
839068397
763603592
807271458
558930819
815859688
651457272
798090579
53842259
302822108
196167643
296592830
444862981
867991362
908950859
882456508
278175835
372114392
177893130
490924207
609606839
710500088
63698222
145330843
396468016
664288284
535810193
860426302
58086142
641043909
582720999
885273780
820012256
715028339
226979718
165850928
883181030
205868649
413068131
603372469
334900539
433116116
384124697
628013229
259173731
166319140
581589943
268696722
29746087
564324332
413796252
932519722
854472653
505373545
227210239
355753185
618298459
658187963
260236294
383955363
129887298
603637082
729987854
870043287
759113379
294997009
904335504
777388540
203246882
733738604
955549800
786374767
547147059
953718006
235824358
986660666
338185286
18627486
74526350
302495434
162457567
798182936
294843804
600348969
504960695
901228719
477474301
776836625
686015799
805538032
674541847
761929575
435869520
502626976
497098776
492624473
128912325
376914377
555927682
200774233
263828252
970287664
546872468
75500318
334372310
135019575
989606163
31716802
807056076
61002959
181093975
963704130
323642494
640453736
788413791
906949907
280308535
858507425
834744454
393981389
714621011
154282698
649108311
418146626
990973520
112545186
97287238
81643460
94135879
555281405
275090605
724336789
402692549
699411144
714066613
959758688
269067059
916849407
990583143
454474364
80527049
9185720
982773188
34341759
847091096
702040302
404830604
396418131
802114905
967165641
722507186
631044124
634011168
226951455
93896543
925917690
430905044
678720246
606958141
614429423
372501930
760918568
318427208
464669719
26243838
229818476
204900119
381084814
625238258
52188715
744788429
291591903
198304205
215472728
40852115
143861548
947664185
504780239
597016219
372049154
214091437
615291531
408462922
173773267
513691211
560907489
913740569
886605224
389655793
678757694
151043603
762134270
627116992
949034298
249487548
952877297
357355858
413954614
240715920
406608082
933934400
654924766
652260602
231110792
543772365
43058285
53810795
633467816
455987351
205258123
243827827
391732228
163025760
299889223
266808923
290290111
459829437
762129906
951493829
113477593
356384643
145841599
430699377
213273770
100718717
740316230
111039252
392018227
930352458
551384857
151755341
835553309
382317736
848259877
316222274
732929505
921538318
480337226
759291143
446806519
111716388
427099740
632638842
493742938
833807219
264287680
324815877
320094774
742401582
926355306
189965132
444097485
437304451
790136535
505283858
639769217
855191468
53594938
70360820
497838999
768021834
961735467
638634912
573866109
771263586
154355731
237475914
499396190
121972145
577439011
496826114
276367016
791971013
411676101
419615315
688278794
49193012
802054727
189291524
74333193
928378656
249536725
468758041
568472955
754432590
976967990
695833793
472303627
859834441
119525429
250970743
554733424
659113741
558838290
923741509
884154874
811031868
490511098
446522394
248234640
414857599
812177034
521378959
587439519
567957694
255507465
40873341
603815089
194622037
379096236
891549835
958122511
366339053
358847593
602149774
452887089
171473951
28448740
220903317
577521860
676115797
133547621
565674682
864371298
856352667
171035249
931790963
444392407
246009942
921330798
192979126
695993258
174709143
21825769
662783115
482290778
419374938
824545061
893419884
94742129
401028378
130012905
933850871
148730895
177309411
837249956
517378027
68838082
522609761
354466886
300180695
833206650
11331748
826560940
328604134
741099588
585299798
145211278
761999935
810403864
391864577
651926244
50751075
635088596
57465520
14499786
583730936
664132192
58737090
682580192
830956782
888890088
592069671
949544331
462144519
256023326
887084456
827545047
931656686
536906924
444469252
785797506
818733623
822488987
206676736
348769899
525704175
779008003
625500677
273348306
84794072
698456989
741427892
376969558
790982222
469906775
486230408
706725561
730033178
270602847
239391147
254451802
863838343
785484182
243989777
12629607
420914114
84891154
788757470
159654802
563207028
140794658
558854234
360164013
322336156
911927731
273049104
606272353
907055129
618549349
529070964
891259947
373255755
969975149
395261684
785697435
287108765
582296225
719061993
926357243
492201310
153662298
271046258
266371393
915321673
259893583
635903368
607116289
363742211
65268904
211382200
470395054
397270555
80063400
987389373
8052024
638586101
681344049
239847921
784250533
618539336
287911046
492174623
518858838
138029349
958789298
58821862
572526315
793719695
332823625
727355505
267927521
277219591
455689988
466689879
901990289
57009025
26820781
735394232
594248650
286727488
573842538
176322253
144896611
521775582
65110917
616801982
548144565
392269414
441615437
982147233
963317532
400884774
976384776
603848261
734867526
821614348
392355948
333710360
149317717
440173676
705645811
184101773
79197406
502810963
109346661
73558438
280242792
43627601
319008920
591664035
425678831
532029248
885169957
620235308
842655589
720700711
349022229
358691153
368886360
42757130
680018557
33087018
889694758
328434276
298952646
892787303
739627888
343719410
123358123
649321307
556679230
161433524
188976138
597344640
995275260
422739307
121100691
418515608
672138309
600158165
322871585
248598041
723291348
547139560
855225241
511581547
447101282
282844976
148047245
381670422
134648055
595418261
929493999
801064374
905762281
670637375
152650885
622534065
169776740
234127059
312291946
220405994
81662733
165873711
902963028
611184416
404087871
34339057
806589714
462853641
759954327
534643802
542361277
534241030
208900484
205170248
554933075
433813545
650683221
159557542
875506038
591032622
548169797
207218512
132615998
694008345
614404762
52905359
295434945
610444314
357285915
251715593
157345455
482797134
894296390
199885639
786509337
562265480
341587503
647906826
445316465
661689120
828566828
363706439
185847515
456304903
787493032
138414741
934425402
890800196
462241804
66100198
103690156
315331921
332317856
13745955
592697501
526617617
239599516
856739174
318979378
896746001
915109932
877331036
35360348
216315637
792423121
894400149
227647772
683289415
667940582
298070333
915848846
45625937
541941608
594806478
467195067
474507721
653905585
466262867
155284846
551434560
172341580
309831151
87354669
589149084
528321486
871588653
177959916
643517137
740676283
790969210
322478553
750588290
30589413
542441926
766278911
73970506
445480967
814155426
778735289
685351052
183338718
877207943
401579070
797118172
614720434
517805726
663476121
410331240
10098159
921159390
920594714
444400002
833983942
617003039
534991587
461379161
892443390
290428809
213673279
330392958
882756485
877538520
576198357
359567875
724476140
82773056
110469952
958847112
899019366
157750422
291842754
500841956
64649428
61877047
823218687
998113091
420831899
443269744
28805408
724489330
360212823
663340609
490975235
844202173
566292444
153308905
653787947
617783866
80420647
50048438
218903038
236057519
636526384
529276452
506636907
760168627
445899649
226744541
570864349
181397845
744638592
496923958
154840948
919062526
546254754
121758122
802594995
160943216
665004334
722437910
754269665
243518309
991984336
641689795
362084020
838016088
377379773
124225768
894248540
408156561
640150325
864439649
747791535
133285048
75583863
819966372
143782492
53835076
110827225
828608339
406140069
403860916
221721605
376420586
920781612
702064544
708095097
666624101
290007015
656103132
2177094
878695290
655448349
495770929
748374322
863549888
775191468
420950579
489391894
85021549
35246119
992937435
352952062
964931443
408704466
170934518
600863625
596413142
980800531
109361473
143300974
284883309
396206061
57498082
511416530
628747339
742057712
19964153
231622139
58814446
333968173
50867455
230631626
759516703
85940345
935111957
786608989
898548596
362804791
952516911
591384052
454044036
775005652
354262971
656688233
630233433
775738316
302972103
322067219
363769072
628700484
922964428
595392368
142862372
627759029
249244578
156252149
529284969
903476826
386068517
602379472
549155739
804146696
761689658
98712933
911575266
377456377
211825275
742433203
271783039
216547477
142260343
888964783
428527933
572409068
975418859
862162297
616769195
981909187
839402313
302567355
266271224
221956939
985141831
940330936
940818819
694267194
84275064
173405510
835832481
714681036
185506908
650259494
345518976
122672465
606979898
708219432
284887632
855623826
153634544
896398307
376689065
9427502
401737009
642172247
61148058
197323820
56071701
407467712
727799211
257219492
244003661
21089163
281026949
575251243
224142500
703528177
915917882
933698761
498985963
162421350
33899450
997966603
450982266
137041235
372504295
62047057
784882691
75287059
130400913
780775721
201662111
980370701
477635485
130322687
447408713
714974303
853225120
834977895
688723154
584258481
507946869
172727881
149549179
262061553
639075053
420385355
363066951
314451197
953240130
986190678
62918164
997154673
480220365
990060053
979792131
35004706
588401573
378315273
627405334
581374862
767700364
434839987
984312020
387375550
863802003
322582955
774759361
651571647
7559299
47273454
186822263
996182730
770118334
529724134
360679577
519457986
941794427
721249581
634306972
688713954
745740911
293726717
38404514
760954768
144518496
527643611
539029785
6681765
878716096
157740676
108849201
46264105
472495440
329857720
363890510
416619432
931653641
778055247
97863765
539918594
961281076
617341087
899082911
238267432
99244490
34993584
632357558
358442038
188290486
401466236
732329901
929866485
246750042
262867557
350458799
90578859
268740962
363149268
455097078
64696725
141338386
116256934
296562101
138084913
777873294
361852384
262527462
393986218
941253680
669498473
580388415
241500187
21192654
918513812
290923840
716806773
391799207
30234096
468703960
26764480
80890841
387619914
390095315
896771069
599922226
42466398
58027849
332763991
954195251
148278047
43370673
408690831
543122696
43899549
857431205
401583997
917384200
659202071
21432399
734681644
279271045
500457635
193657079
2455126
227821502
794484992
424595331
421382672
384019586
206067699
984217760
622196992
304997658
360856723
441444201
541057732
105404695
683629035
936283151
41062743
171601492
616960307
849210177
26270038
535699673
88114078
59032311
622978163
750336341
819186813
523317761
779073174
918495891
213337255
626834540
551966030
307239030
300233275
158762153
871381941
443198510
295843899
220933243
259491150
238186466
225820116
778616895
675354979
70044688
647160522
589136821
914438106
162340536
139551700
676170398
886682453
257385288
416291821
116231724
62499562
861429362
373149284
632802410
324017141
429703495
983593725
291533875
210742988
214915009
399715680
758592815
128000213
33829116
223278800
921478506
343350872
751095248
574426634
793665262
60892055
965694870
796844495
587348618
449190842
49079796
355049405
678717585
61596864
37335813
878567584
536394246
874730689
839905314
567325034
488419016
131750444
46316843
146796693
517480040
181703628
138256731
428353640
240834597
199685351
965034662
626335054
239050167
360365851
592543546
511553409
949271389
312232525
458599266
534945922
145319363
891818585
719789069
22019165
20029178
158109719
930210486
801638351
907919054
398504202
125518304
896951749
146373121
953800728
581420061
299543062
126507605
308185541
227448635
831371788
172787984
37672494
35739980
755434247
910022662
961152476
266656705
189229475
423309505
595632860
113244699
781560534
456334949
338452025
335555973
706441468
946273458
479706817
251187424
576650016
296534535
949141818
850541043
874304617
121191365
342691831
607474196
27847833
71371010
885900592
658692397
399554613
403511844
212745906
478054086
186498490
490367836
900502667
439899444
129079838
797092272
816631925
128914594
818350368
416785481
245072710
570541036
142212332
645323383
872506935
807281110
282964466
899872674
138331955
955850119
947745595
956578483
360905059
967138406
970184253
8745700
819448575
130003503
884201734
22109939
502705190
153146993
949874993
650780897
334000689
163437951
413192827
600371891
863135150
150209923
325012796
575812147
587291293
376506469
312860963
81889086
153717695
49596646
935507271
983187568
938084441
868690646
840670787
890111902
171819621
828724052
940626887
519473028
581557674
72287863
211276423
666434579
550906563
495279509
735558013
685465145
340030221
908975293
221132579
383360178
335650042
446309767
445356276
833418048
105497112
273072874
162481358
148502920
804500020
692483586
132817900
610677711
620626474
11689795
468312523
801141580
634263556
143596771
75391851
345477188
354031553
454459995
833535506
260158228
964537760
993718772
242130310
29750579
194399494
615699474
132831147
942626275
771740223
487275896
942567503
121341587
62262463
78548976
489839519
950749782
60140990
195320191
437164113
853454371
65299222
418053206
115347335
347787123
571828205
265614598
123305260
736338389
244329775
536078338
109572849
230953560
284597188
21207453
89880997
771747217
602527201
701219821
236269636
613886850
509684491
205580903
763514102
684686129
582097089
270542273
807445709
881305792
59650583
97823915
550260789
250050590
536347172
532643766
800572523
497230489
976610430
63510881
149694003
913917033
581725623
961713977
855043267
717620243
793144250
469361002
494479865
585064571
695457637
453822194
159331051
906686152
722773220
145860359
972661696
808742401
282839720
804801555
491726826
47027608
838808821
705899391
779920026
233286396
768044359
982640038
429758883
477237402
151363745
820258562
76130995
410866773
203589873
550775971
991608449
987984151
472274482
786999064
685061040
207197599
986764392
66237812
40266785
143127458
12733613
920621346
153248323
185963917
679068349
105498251
133054507
663714898
664601495
722203054
498226988