3000
726745914
555564133
464773651
307737652
191216553
527831691
341795456
859815887
793085862
215891173
634583158
356720017
828595678
722935321
546296530
896761598
199502238
597351734
479903961
705457952
333358082
857555843
789202946
470847954
363148813
182492926
598108940
781924250
248957888
983430325
952870789
147772466
96696350
952295632
34545676
996708163
822830034
809259217
243519305
560453540
311129021
960722002
510740596
593535886
386943653
100625975
250587349
496267219
587875561
555136845
876627000
344287436
110297944
343585875
613245983
203974598
260964927
362315338
710728777
208168679
308697920
328087749
773528010
214715852
66672602
814050652
322981026
676572605
234814686
932304018
461955104
136046871
712416694
383022045
591107579
654217639
495505208
736944606
711408028
20511619
268939241
745237304
415447145
455342082
748436225
815108617
598550588
710570679
402332620
503855911
273982891
456409408
744520552
438410643
782122483
989521907
136749903
13655714
332647032
590097928
586792134
397999770
83759340
566493191
108239729
861832427
382289344
838638814
437996679
400610767
63104521
730535422
659717167
649924177
548463904
831741015
488994283
523310270
483905922
322156348
154397496
34690338
607609031
888534507
916823422
549614069
470204686
223477118
976382164
267378209
20210397
471418872
451704568
175670657
454188039
180909568
500498111
728891664
410308100
217591066
194430557
316661027
376978305
900263625
196572282
562264115
426731602
146913649
155036703
654198310
441167356
434934444
322535182
818223695
149278946
840877419
710527483
573902023
738459839
897774415
385307428
381585319
397032054
327806727
360136619
718486239
877889107
653864435
258560882
697877749
397354553
585816675
70186626
893937091
646830337
23664521
412149605
660848031
21717226
666361182
724303059
343777170
20459792
215452616
165461426
932222952
88622459
348366486
5117667
470453661
464927990
406459459
244254487
33020297
709646557
714979106
295747773
500805708
674090979
380555174
450739690
325275679
65368988
797455155
897654572
411218102
277683773
651653368
40845165
413033108
877308436
537774526
202196605
778104411
212944037
221291459
12629526
451559571
538666516
203386111
161567913
331633987
242775680
459674703
196571838
985418184
149150257
469481630
64731628
4410660
203451822
984732151
177794024
742326416
966277453
955883526
58218703
670348221
222369658
663127421
680456772
322459817
458421905
495526831
442112121
348374903
295760011
440657198
78103672
734441980
463715938
313450632
418006424
919854709
886453824
853599541
440657173
88014330
969638651
833400251
691884194
475507102
959730236
989090064
523927687
151849819
972344585
15305156
582556647
230130620
629026646
586517552
206366601
329911581
658846412
753876136
860134357
301019749
485953924
88583627
859245741
224929327
958136389
419531834
813887151
775602842
47932332
382824314
655868623
160210715
105785236
541621906
479249602
321149476
45643019
91710706
411534444
14694303
617721681
578043740
344528821
413507828
389138811
472058835
927446718
182611088
146839287
818149050
776699166
84364340
55789694
873721196
359754253
328644115
184506384
217198979
309956721
926606288
525584252
357296192
267516259
851503815
37080071
686955729
439426215
418168268
246442229
672560994
622789085
243074033
789588171
285301422
774197273
877357582
128493197
958847526
70600066
363698002
982323654
767195486
317998503
88200981
878139663
797722605
875863242
538485177
621317446
702872641
800512694
932647522
624071807
898874738
587205982
812969589
225681604
180482125
354225843
654082557
460158631
874299992
86753522
682455848
695487029
855584884
433638005
619984417
472426082
181110849
970456181
605728004
646858870
356030420
240172997
556565314
36706369
93069159
521007909
586997255
35588966
960842774
941740219
355072952
52000372
24046899
514367707
226206150
641164258
115715438
727845535
54577682
599609620
743372446
837209329
53575773
614625764
999257802
572004489
594797733
95024883
710722940
269759052
537664807
611749433
496458929
384137220
826413151
82774348
3554474
315981934
909277140
147514185
815339029
658839920
421387699
936913015
308320804
96915601
583678334
760662589
128037860
994304784
434308289
434089807
157412103
537814702
863679828
168629069
382818149
506933627
343006712
664030017
515890978
741505744
164028654
330725257
13826174
193019210
456103790
191083242
122755711
525656221
404987218
209397778
196626725
360932300
726977110
825834204
200000772
103433691
242570612
972957835
996029010
513617688
886076571
64888756
472982729
599197528
205042201
174249230
551492416
336458300
570123727
95210296
602222594
333840615
628463267
357931959
674114707
419924863
483965632
236672156
344962368
972693699
315864762
170972216
368988292
88993511
756656500
355856498
586503253
287929702
776130793
861890107
71190876
836133614
253778212
60792089
97791092
750675208
975444906
682999410
26174104
385830164
879395842
557319118
266964128
555668902
691612245
563298425
741973169
932978014
528226534
830497685
588293153
350265621
362667547
430013223
102041841
201738923
128228391
24697637
948102220
149819566
742145017
598984977
953493151
706197250
508657526
468198839
884685130
862606608
209975898
24655646
498530172
765216656
706770152
592046931
898108798
249929226
288483722
997532844
993650929
669328828
719205836
991383274
524724082
941078791
360198387
873365308
710145772
701883316
999273273
585988423
171713353
977336320
826550785
772208047
772001029
224438593
845468873
626909365
458681282
586922588
750274228
838845701
658744489
822483865
200042586
130396329
209629770
183255735
121811365
132469870
823639496
11625079
972341724
287773657
408006551
286583918
736742063
194626206
969534954
708508190
725136821
654887824
192637124
485136564
700591939
192319011
558223327
560698565
856157623
304995495
699901235
380980352
136852358
589094576
272227264
943801437
44353626
81564321
583574451
539060454
101960475
844216731
126744617
605596961
90880052
101606436
216269407
918921163
424396130
180559315
2002108
567857254
268635593
144857507
248941591
818707453
85741098
735686487
700174665
644382978
195428464
848672889
465353713
705733501
546659476
231367324
952525820
329804899
169833659
372209162
920234771
260154851
996242718
265527952
497805046
586455528
299294079
289938555
95616019
96168189
279790570
243028077
888188845
887974076
230889859
988691250
530490067
320713329
733598476
380670604
399262043
195508419
485677058
273434955
616999811
964705414
652554838
722515244
789336793
190392004
701892294
852287512
41875651
545263833
67697790
520155265
733305874
192740148
956893976
963388698
736639574
578465425
56521172
65594626
918833694
818191868
344434954
542594895
459028495
376334579
922695270
645670236
636075080
294560677
755554383
152338866
699492870
402381990
560412234
266781605
400197436
587196760
794607246
548533057
140773060
413828310
799564715
237696672
706511593
803494440
344557698
49809499
783038049
679367060
612459227
895982736
965733442
562492656
938635097
224087936
412674951
833612352
384512167
94982243
945772742
11532064
11268282
420022571
265942031
709016877
782009315
627739290
105518104
17084911
788161326
752579972
767866437
217800929
177930883
884547107
702978147
220484599
32822130
156968295
437389974
311298527
355187187
522818869
759247088
828770953
82520669
656316885
236161547
155393950
155098591
777536775
421972537
872011468
267454182
563527414
280319769
406612349
99266853
290046179
521962477
984452053
632646513
430258110
511161342
77898618
509069263
974392096
386696843
340206800
646588173
506468198
644140971
407043082
854157691
644896372
599770184
66779593
754906809
299375845
816856502
111391712
990685622
796876148
955680491
419054488
945681535
231559129
614810904
186660371
585725643
656205598
112120269
547377897
278149511
328108758
863874115
759388283
322673341
242333334
388402604
634880915
368782888
74733043
679929726
111230955
72473353
320241200
628888127
895127975
195420977
469980002
874860228
324564184
614639647
554071134
603542352
957177299
133558112
921792989
757770164
690538611
1981206
190967258
797128374
875366428
266762679
711148541
871795154
257981706
752286797
314059066
576448909
843665870
189302041
729958083
290086813
322811023
550285384
859366473
895695491
385875150
316392459
532305113
268834298
85078447
311864059
24296878
865021462
723434680
36806465
534247465
653276680
860089191
730633396
252332518
668352326
456461118
68273146
524214390
361421481
294117161
956886334
423466159
674566115
387308662
986561038
157649310
860550994
302623788
127284213
45788562
651492486
410945246
260792220
514564027
514286247
6890633
260059097
767008612
483200918
305875709
614024552
565377691
583508821
42327748
796705160
179019571
546871601
698519236
179596231
774938809
932711499
825716235
285760152
123205718
151456627
173483929
190870148
978135015
698545572
662300050
773887379
53628779
377866903
322208496
308870537
717516599
990257372
123714724
166421835
636038039
892434958
59037003
110538121
931564774
808890575
949323789
950356806
494148486
493082150
93741835
90864904
756157064
846516985
297904757
71900058
915327357
223136861
880025163
756191373
699279103
668609278
696505225
812158528
104523022
708080203
199661560
883278975
880446665
316452004
171860002
354383435
229383441
285600435
114993126
755374604
84282462
827916693
108908609
771245923
145234378
809731190
589700717
182190208
745741869
80290085
916556489
593117674
834351205
910352506
41270072
749879213
371649680
716314764
923825914
434773613
41454364
276738748
367261393
649763520
243288144
620429498
877617184
485500904
270360308
835674038
563442074
535079617
752099246
784340401
770405837
298006549
515385046
824689359
514751732
284101136
197155484
921905374
923277176
286248619
180220137
915904128
217159265
865772785
495768176
895992034
909552791
139574382
651005904
813598206
583745752
369332339
324820931
556764069
408966480
170801643
29950931
493466961
277223279
312183365
465100022
747601536
927333068
69193347
270039586
41986701
807761288
547654992
557298878
300816398
998352549
830083300
693262956
810888647
207423490
309305904
33420391
795680138
868204725
569952086
745295099
738265954
404888357
757388893
389022264
742773511
497592469
875861028
893405227
154883363
145895057
737973721
671610438
624562012
882086306
635916366
610117737
239089728
564617947
974802304
333585066
520503121
499551687
906564950
894270102
801513854
332832396
319464302
789079901
289667250
578853188
94095039
390890756
773980713
117733302
712323900
286208452
395379926
864539756
354345260
977798955
370545384
255655991
920412473
88371389
504204693
240200983
523475277
104151515
601928263
852108780
505434758
949925143
24716381
834129070
277455288
587570334
393939893
24689121
927524851
139337505
834884813
210951224
594942514
22036475
954252563
948954999
221026555
975494494
455490824
468750517
73056935
893812326
553377035
425273027
440133834
954515166
525548165
986604405
965375769
591865755
981724866
304421949
537092564
203647270
49353618
252354931
8694332
763035003
418452866
559148399
552311220
329526951
62451907
241474828
328325019
602183545
587511369
546255821
485190964
617472172
379898764
274987009
65464825
882475446
420298485
725132352
750559963
690959312
462674301
983985073
369143658
176834435
276318168
554016349
82503731
94604490
128458209
902132112
235104926
712904257
774505765
543462614
804844292
783463335
597662760
389711814
679084185
217902350
62401350
350509607
711356738
430590142
35390479
209618940
624391089
589924192
268146242
674375999
132477516
748326154
693265877
582984437
932550101
48035321
17392026
151700927
130538585
698725861
199439931
361312989
472241923
207888305
359424589
949654274
930731363
321055953
130019457
310399989
324445249
601214587
293468743
452113386
738662386
443391895
16239863
649492817
887903643
146547051
437256865
745555690
656913663
26031239
667702901
306304340
557305568
465868525
673855762
273644304
237293833
831351040
809369148
599522166
823326344
719904615
308783544
614540967
346730323
604845904
593293495
685552334
923959512
678356918
443029490
428165756
942307549
117678059
934656862
298644551
422720067
396734559
896808518
316614378
139708339
471294018
24680765
771094894
107630082
338782139
801943209
140660924
3989551
305940829
202279767
224725721
981871035
474488033
472436986
793291702
326052562
335949130
147921394
587345335
187776494
140887076
570138233
315127733
802381975
829598828
33895516
853852819
167191522
631019069
806844182
224930303
970793757
735581649
646698499
560672820
156742225
268409741
636470851
359468651
420997793
377737229
517059103
494512305
141042547
952841960
305847208
928024327
855022051
29618398
593875846
275943016
71446621
385707672
730646492
601950840
148636001
535733348
816239768
920329001
75127890
220063075
130140700
192187080
54794458
804886814
107535664
997633089
354945403
994576019
509392228
101788216
481825096
795324021
324257366
191499627
171487195
292065649
386777681
870191580
864536584
241351440
630308877
87344747
395479574
444149478
601150464
824308985
212464938
501746439
609020813
395997563
395465837
136970043
391886625
634525611
43595637
206239985
331984433
59366138
512669054
523539053
76741670
707412111
700790239
10540070
542331065
4172691
217351355
305725241
398868191
360803673
724281207
497319362
313053484
210162834
431159212
906250511
985792421
245591287
880133757
939325961
952627560
762116508
950480135
571508323
65001185
995553889
732283678
889874396
80867819
59138315
520177002
534775470
149286488
32930540
811473693
562924429
795300556
794124375
404735974
269143371
87020251
658591301
242469177
672735145
989966446
177211342
603745092
78940376
435138717
930607365
122077119
321358598
802595180
383131547
870817962
559523166
780009868
211630716
189137813
816413579
821798187
645453615
680007893
366475673
763994920
29386307
235309826
820318669
908624532
562470276
691626383
494992414
466194063
591271151
678947744
565238512
186804001
123696004
805739702
347377583
17754649
320570101
198172957
184977328
758423818
443029634
440749389
622456199
844510937
102663706
141508686
39354828
545428256
502695197
622801991
814601500
212271704
915600103
901213784
882180065
366448747
791838239
822614204
484375251
557437846
841684805
118970209
707962696
516227835
826677069
819458833
170116784
912345965
34135785
258911232
967168710
907542922
870397216
917296792
274373736
514687272
118647138
287712917
855057412
823655487
942836469
137502014
259658653
856783482
287422948
640018779
41253425
834995449
320860431
136830262
558215644
51789084
534492301
616753215
768385270
930293749
991271284
488687578
247910127
952589199
898288629
54929637
559055141
673757317
764214217
229171851
964944430
173822790
754858530
120083650
668013472
304142207
213371779
849173409
356445277
562491457
938913349
101766850
602644590
153380472
167016330
34073539
43066297
790131238
264984113
703262392
184932018
961157351
700332406
811643839
135107325
957653279
366115539
731293415
51829279
314664821
514940844
915140075
926787640
879836434
346975881
717567466
979801008
503082215
275892119
411221660
321129542
398720716
355178291
218193811
32207143
166857376
656420765
26497408
343140269
429125512
511845378
550955854
509232190
75319207
914196692
21056974
625674759
92064066
105832508
605126288
930943954
661373046
845283559
768086182
881817796
793269178
857229827
419938316
474227552
77397606
607480439
612512509
352098572
138255130
841487243
541443261
464348705
362152486
313660711
319400671
912577336
633049171
216071579
907172954
361466410
871805441
893356534
942819362
332854914
449441936
90672033
543756131
575276915
695632872
9147859
428276271
272739329
337451636
382216958
139671342
32139586
65003477
68462709
306220963
961106508
874285369
133997848
869427826
389172116
428262497
102098525
229117718
601155070
733679667
317561371
849261813
312132625
17605832
711021842
478217117
805269796
275949938
166885359
244650385
510193818
576249225
50909023
606711776
331058615
260687745
509139841
939001815
417281490
748800780
43496736
652809610
155940059
116514656
30311597
693585672
485769742
874255410
205525192
282171328
50169891
747962716
472476631
339447231
231239924
428346842
797062945
405116009
975354287
968899069
820825239
115833099
810433387
344677632
305427959
506179421
541667791
219237744
166985313
550252278
792439717
749824623
364946084
401089378
926417529
591238950
97159105
731199434
414580381
133778666
835249311
693649118
310344307
760657166
80148027
195188783
527859757
59191387
856789441
240611934
819884912
900040799
102221199
236010494
730208392
66304409
106229748
760828110
222663636
896526256
92709879
539642424
479105096
560910069
497543694
765418915
861350622
393177057
884405818
812539235
374641396
79207824
791770097
385199760
463068655
174606553
240047523
61812818
659876693
335599158
7194637
122630920
425914211
330663538
834057101
523003890
104773478
339473436
993376971
604459212
27596155
29941631
429236252
933665759
398631424
163841960
566423663
664559157
463645844
87269775
135064714
979769643
592481816
641390561
254897299
360469507
82072429
819787818
622090914
620663136
760647867
901640149
303534767
544501900
98899938
625874004
113771552
8056404
940267805
529789151
107729872
151635347
9039473
143096467
762416253
849190420
750788397
506838451
302709320
577465922
804701145
302515189
869773155
109631418
732079435
877047002
744558673
767147803
947647375
692764914
873855874
7415130
897362988
517253722
241323364
218046811
304780913
38563265
498934617
543590148
873842555
449247565
928304416
3095376
200966366
333255408
20172810
324977307
301592640
417036818
503066929
700893777
244741845
462179479
612251274
497851992
457411657
151587495
394672910
93871382
633447968
784918333
535362148
646678246
674907986
485505882
670128196
404559355
119565176
603748765
911178583
138081503
662107244
776939909
742074805
957026914
397227577
29601491
838123749
508307872
33409615
85694035
373645861
868619726
290415886
909215504
722875997
494697486
879954489
550237318
981379386
132016206
978569320
502128280
430020167
249212431
493404526
133247969
935675343
550197975
399212016
105679497
82452070
752232679
951977396
720086756
434420110
797712053
343372737
279120236
851516926
169091967
29023361
908203131
867738369
664867414
944920770
611503250
676127168
6940211
111690276
667932099
75243950
2382574
959273380
152366190
958365446
238534734
197206619
987884013
825054442
273106666
577254155
707471144
458628149
889293706
434955926
276181767
845055362
879070183
503835343
662870843
895352295
481546831
550561000
822254808
710900084
962585330
583192357
468204984
584709099
24533463
631862568
749828580
247025633
25902313
247661387
319715348
621263223
697739850
866053109
603819269
650146302
23321651
156561961
948689710
172666284
413324981
598386964
428655643
691322472
120619983
109585119
510874938
633114866
781846500
631121115
892407060
933707667
276657975
794151691
712723145
775381139
854138988
699952661
285344249
213682683
798360336
473052802
402769782
241088477
90665882
183727530
679920411
546334794
790939240
965359056
697753029
40547535
485169673
561085379
707994104
6938986
947928607
19922768
493574943
80903619
709700620
628857202
551781651
903467362
449538246
721617984
757631916
974745436
573596682
22093041
434111902
726670104
91647554
251967636
435592142
141764602
365859361
721047188
552141034
220967824
79524241
322287208
644361848
522823505
101929512
204088512
113600792
604598997
318670073
388177499
34821027
256886661
926600598
298270344
44648104
925398230
98898170
899562306
649861772
649627935
901197653
176300805
72202992
625353042
743245550
667577632
151221708
318349806
995912981
126885683
623179897
870968720
619852608
143485382
365180272
159741794
163040543
481394411
306263803
888432928
155313769
13927600
296198590
94217794
356966367
499143900
74639317
616513031
461998650
947450072
353289555
170101340
28417935
584284927
718446135
962113575
374552854
818424079
936654372
981875456
324142300
635728487
614502298
213899054
30262318
525046718
478352641
757419191
450221381
461032273
625160593
427848046
927476422
194546108
498700007
355149475
76128876
8172933
727476121
44807662
686016660
488937451
446582261
749706153
996180121
123584272
217229767
845058541
514215048
714535329
638228994
118731283
333646700
529373279
245104158
26160975
877469102
678794097
927357612
109563971
471997901
73926685
639499502
805328634
978354683
49605499
585426563
353751163
458354778
521683765
137910195
215567395
407523369
781701115
950705725
661335466
383753795
461677269
242376578
528134554
630013967
855981216
58021362
339927971
932735572
379038521
543634666
840794498
956581833
237681708
899199038
17239906
946756257
249395779
282591949
870453941
999445472
857906104
938809368
295613919
168485708
857278808
994071653
437330330
555959703
702356438
857447209
52838110
147766435
579309700
551030529
850349093
225165250
282479199
215707815
767565756
506465088
743133280
440899379
850926424
168522287
249573845
954352172
721937731
926282623
572005843
714893795
323190068
397409714
111766245
29624421
802266012
296034747
174566018
338256380
538595414
105225383
786935243
631935638
712474324
860395172
241346835
881808206
229811645
537656762
696808081
547247254
583612980
87547933
196224004
410717317
687896576
29595416
370291671
159025887
562249059
301792041
899271438
939173044
979146017
558893491
577341215
69910448
734461211
308126356
522726532
289459546
260163185
124970960
656134484
939312179
384280478
813840567
350101744
415150407
995023507
934028089
630472214
823653598
485579045
630212496
88151167
150671406
843491539
313493303
442832573
186010759
689848942
922493655
624799860
658960684
188834436
658941951
928896405
119551121
940060977
604634372
717277978
376989625
58917165
763912000
599471744
93729003
792166135
193658327
65981594
881903855
177961943
41641139
108191445
133831909
684851120
178438228
668046659
305642514
999778508
136166230
527350935
304792398
421815572
267738865
218010990
224010876
111221083
123990781
606820824
84000728
542205300
232269294
776483690
177060937
792643629
424695287
910481255
488161052
890879145
871315998
407554377
196420492
757875248
952389189
890848127
708268059
272224484
663915582
772204789
706115501
463274776
17684863
879759940
301477103
394136936
719306349
828817252
529530386
474211270
514406289
573439446
598652076
369308119
270881233
926108645
285641290
324762419
586492639
784278193
393919471
108951856
802569799
645777128
909611806
757222436
627592840
785276895
71809540
364384781
173615649
612197918
955472192
344080866
180987450
131856064
864735427
753898504
669092505
34895261
528163999
973848927
595641634
4948706
807365629
389194180
148648899
615820805
52104682
231233145
914494270
554714477
502336075
220497014
418830515
620136359
55791343
578878368
617414893
304879993
493987764
617266471
820075766
583799189
916895623
336195948
818524249
583278945
35266775
464250881
791552864
397670897
812931382
469018146
599244628
981466573
682693961
927097121
893500228
377411651
699628083
970160836
844904817
712527581
563826197
118495847
659036440
252433303
313561638
592862106
520074432
90863438
207714639
399742883
153166812
768972276
118594665
230630407
817714342
248509919
419686261
981554434
507941695
14904363
874685834
704844392
54430157
290340932
201224465
645178658
247909458
173673035
835733188
312641263
403264266
479598169
95358018
818198468
785384158
873493540
756059274
278362664
335271998
855517346
500342829
964294925
151810846
515976516
227209520
249104344
562495772
772417152
189971205
785352173
60497016
717697259
252338585
160371627
199945520
46477913
343048062
104786911
693521806
679270499
51367715
675641748
912322708
928813172
533532141
731552053
707486579
535192469
172458813
51683086
91841113
402148852
319371742
418545785
615137097
340758587
302166194
875339310
340392010
78955230
986870883
289770742
944464647
958040270
274286859
562141177
375109343
708243807
158042113
98168263
966574619
169389755
614033758
858417513
680700436
838722671
865542772
28197474
810446204
881501253
273809223
308482107
126716232
672036900
756324373
57788689
232881075
498509179
659517095
563455823
231900224
401879841
599117394
561993386
718901087
744467280
432429693
343642908
214191404
612259361
947686278
462232811
40932433
72379322
672346159
571438896
145062412
700186511
745388465
915348883
29051852
423663341
935150402
161509075
279938278
967955641
134863650
264916669
983243046
301136824
491389208
631592984
518258088
21421814
27125131
209424940
938625096
424998575
810731291
65263283
209502635
20424750
359391924
480952804
980367604
207668494
706244121
326881174
105145777
961896046
302412702
480914827
831412994
918384523
12425273
139754305
325330256
781758244
872626638
30546023
538768458
44733789
188591643
949431851
245758942
173890311
591029695
712874918
247820954
526255971
397783508
194864504
654556994
328568248
756044913
560657414
557452112
656159160
980958981
954552472
405892933
633858527
331937690
641296238
258992029
48433979
621958356
397302873
799932295
92208715
463868877
306113861
186178665
530636248
426244744
893575111
481547460
757963805
939685666
953214350
122010912
940196513
141150983
977888598
976771721
261930768
334694005
287593626
925610327
579625991
938407534
548090679
187321804
898977125
325567474
492486041
735806806
975382836
552511157
458345563
388374794
301644184
900478532
93476931
395626072
274161077
814025953
367473484
336346295
217042108
968635718
582040642
948005076
415732296
618889490
271654619
794243845
281759761
351973410
921670357
300458992
912653360
377502279
410705466
467901201
256365821
296346516
381203111
981163924
713599257
458185586
711302553
808918281
872698698
990421178
345855518
802239101
697787660
505661309
87923063
146601186
370808354
273182449
997164467
419742067
393334159
742212836
21935551
436798689
478181660
162476205
902515265
238491975
751536719
657504773
376135528
614487870
681927956
180441947
114393463
173943596
944096291
598040162
281911572
702065792
805194767
985847538
291766721
947205484
204265629
128038575
72486213
255434976
986247509
470721277
840427193
317771632
327701251
527314157
334739003
770515447
216510247
64585738
686145005
503555791
397305656
624156063
330215102
609738557
99393315
188640665
338342938
105988765
158533943
432987934
347901924
425376390
850745035
242419208
541630750
262892289
554286540
981565186
483836771
810005530
82516347
36208530
383878831
399290249
189946583
369765769
337109750
864595914
728622648
341399566
929056149
730097482
610333511
660653373
961291969
673018137
523401851
831113138
654981836
291800536
661349004
742898787
436008165
673702760
435059187
3348743
159394902
320673399
7845142
77012647
50707925
530962505
557629896
960842026
607667353
718848579
447035140
316638683
869881003
776132516
712689917
771983989
332010979
626181654
321123562
185684111
221396949
544313336
295991123
418206873
239852063
414242727
368811187
968313762
554315211
3804258
528138370
701272126
14897302
130689113
948167005
491619112
308928932
295974049
958669342
253698911
621055813
553158116
316772331
145230253
702578053
869638744
88163064
765353950
960768200
757497503
261644488
200776719
355339829
981234308
788778588
102538718
549527011
746332703
932687833
499249979
866713989
204304066
315879156
727505497
596183581
361333149
375892074
158677518
991887941
605408728
212472155
674494652
440881925
867687984
206214341
916602325
199634453
86623617
51434784
766449416
749511686
755262366
433872584
970855084
723062526
247566843
48693210
287920353
968504165
49428926
976122462
211573690
323272386
336962544
984646633
553994419
577714895
886925319
250737540
635672512
263235124
16452694
661644433
39683529
863032266
297692778
281988403
498910786
804413343
490240593
69309745
24731139
112670164
881874319
192029367
868508406
87515466
424135705
134809224
251921980
604450051
527388495
592582757
437971813
81004857
147580016
41535658
921405121
527496619
351239320
950818851
90344174
802634722
470701908
313466368
816317553
671121654
679867728
373071047
166697542
391005168
483929440
628302715
132183812
2214217
319982431
321571903
692584149
698405357
317769818
312427057
934283453
775685906
983999965
192428906
293981191
955064986
938305024
792031962
805573015
545065119
767876395
669035754
88454396
661138144
525290292
21521063
531811703
714552758
362557411
857485725
514706295
551993525
16635536
33053470
561883385
969096859
194705026
478026732
67972223
428505713
93785262
510230994
565238844
635668278
103145992
274573084
707312620
776465597
345582126
876488546
133244010
825165026
264303162
502852896
69687622
879167819
974135551
741083390
616008238
961508495
728304442
788896145
341858313
59954160
981246135
234406176
916935489
898326390
65664737
838207799
217150742
762412711
312677620
744865204
664664666
406422764
871757199
215006266
739672977
138108193
939699989
244064563
999660780
848426873
439451358
419936940
643142748
665085796
979909853
482412504
544896896
380222003
583197901
826445511
775355164
687127773
600536730
172532049
897742087
121965247
69897204
901789515
317156108
706554348
712371491
223249918
38750809
389152104
214954354
618306460
953575437
373721308
997621815
33277082
819680620
407799830
165932147
972044731
328292629
422541038
804727569
754722799
363251747
261519468
179267843
121590797
450040969
775687605
234363436
883085712
702494291
236465968
65212877
244203328
97000177
749402021
839268917
232701225
278153014
871358882
870426655
602509748
39626888
464208901
857646563
159126266
213779187
31741300
151538623
788554352
920017048
117189571
600411412
98555905
698159557
158799063
907559106
789890625
335131303
7109200
217891666
62718080
756975515
588378811
983529277
22450161
174906867
902136241
295934757
66894055
520733112
513365301
963497488
353072426
549228776
171701001
568997627
838720672
317210346
306047597
234310567
219298220
149758799