5000
440283409
323134420
728103181
245793199
576479624
754324942
580235789
286393409
333380747
272621066
377561896
792478360
959693661
37055537
880465678
747152563
510530078
114824507
278432911
834924965
806368687
773524192
670196590
953642617
747455802
823557710
193339159
450894220
967943850
287030885
955267722
437160363
969682794
531143408
146948097
865806349
387495308
281338422
824810202
432817680
891226621
5931898
52933590
61500297
214604426
810301658
440701711
291744895
839020868
165599517
566698347
325875770
762556443
519846325
405818125
531143165
68476746
691244929
762057057
385047724
911821381
352277713
688566000
436964688
9269369
342490662
496234984
383267604
825389799
309100682
812900345
121916207
813958737
914835922
365287098
690020737
2903204
834265914
636770519
36413896
495772446
668020978
585967135
728011649
55327475
604809987
845623117
143843711
765880445
684429250
227147659
802043587
56558841
17522497
95870054
767163487
390793460
607109775
833713773
952155979
464148299
833025943
317118985
619961912
840820203
632510969
831189686
856312283
574630496
743233643
93349154
257366061
192346338
479829725
302354004
449145703
218056060
445747404
495883752
664537571
540342703
344671748
472766076
564318158
98780485
571738063
935194300
695708663
604686780
779574514
477127936
468524595
710660745
710494385
846407107
274056744
546178893
176865237
267206287
296415863
571724591
775982950
92233684
656239564
653674502
329641832
571936548
981252079
567185241
741668322
815826168
234098710
245416222
57161360
558234380
434775812
540913958
774295811
148442217
375156489
473749440
35465259
554613441
322517269
510168981
918114329
684777157
579210706
962949737
453527961
889838280
300591246
727157739
799015572
125538413
447806991
96533037
451169682
402405278
571334935
457827364
428819608
851712061
199754344
193594441
375568980
377997138
770616100
41762824
927884629
731475757
981770658
625858086
422558785
50245907
704382384
367302414
312071706
602176528
62322328
69891797
565847157
927798157
465439913
941669720
223744111
753805982
771059692
773218736
359615956
703850131
481969383
365808853
549266379
924657602
69393726
475215252
612220667
669241428
48006636
76505158
475217363
50919089
735976840
820633031
86848560
777592930
410139557
566154653
354591472
113314128
985393153
916991345
750605780
764326755
999438505
182746574
454585134
491343719
64963679
451724249
413836397
177840698
910911066
561729837
406298135
312223958
70369248
492936938
135914360
958653210
376675449
867169669
151051856
795738779
741427345
107132090
936145945
764662203
225208214
940779864
437117445
747591307
637717300
867574275
702748606
197840686
930614903
193390892
55379525
225591809
831028019
246961003
167547211
435555068
1338552
42065986
441322504
987317525
105355441
215430475
14737073
643936096
896059339
667910141
810706980
274949949
242106397
638930259
917707125
677014407
914499922
966645006
740408751
570537266
466023216
827328717
794075297
787945855
108195165
358507627
941090695
31992532
529613803
945055838
63511719
802273574
393808341
991965044
171032194
928956050
508233653
3880319
620033397
701660021
810776563
269401436
167354015
829026195
163714166
330183723
134027522
719962474
599112998
973469735
246021238
837949862
127422751
81629597
223083931
812808773
229334238
343063701
801626652
946907009
809198274
84053243
923464688
435750260
811205927
461789429
344345879
741619238
658542654
549715900
159900157
215082694
318057402
670107516
468605920
61359059
667928191
197936768
702632883
661715562
867784644
953709669
943141542
861951580
916758789
679557878
515498365
130120279
9083343
243731079
470715584
380027969
735210578
138228820
599888232
938934400
783389967
991973645
202925267
246192054
443425765
902280536
848626653
57509442
923135984
498124946
769622125
671347067
252561449
599178507
769446822
858522637
347697360
895533074
403846312
686745389
932447191
765206889
154669767
14051991
869274775
731481705
260148896
751304578
68907040
985560930
740017811
859429569
668343337
586572885
168379907
817375382
178848852
786883541
2520036
664481159
647487490
90635302
308044145
115486374
877549989
391278045
695320609
195387775
982369402
612896354
230774820
529125188
865181642
773631071
910649790
505346263
257784408
169568364
494760037
38238379
483375145
431400870
303869961
677242661
385099905
558234443
96629717
24556525
240939353
276820743
375931119
808851052
319487695
190452511
902355429
556092607
870460523
866969681
746367384
227504172
877550012
482751109
48726080
456508360
33889859
351083134
657483075
257187750
439377796
182346133
896693213
511572171
242932101
390366531
440890752
390676611
916394946
507676203
106289845
278647790
616950021
724866913
875501401
148288995
766582784
493221316
67354812
788700721
69867042
20639316
391994333
720604481
572456770
872612509
343422799
284962227
655502358
302438189
931164076
999835562
586069991
123170320
108663674
352415605
945777634
426359421
496861901
99941890
256843836
939882543
858919286
496482178
476515963
625404438
982590566
174464073
763866280
735779409
647913521
572594458
39109910
245206957
244991653
952428623
907370378
614245015
593033803
574307491
709417719
484754249
934850896
113735818
267771181
170961316
201162347
551380505
226306466
281562185
298848832
957876086
611199845
546423548
890652657
944663101
424668924
556487426
805166538
377840462
423550457
351991674
77798650
465588468
615171389
917338588
580686583
86733291
341177326
688944774
563566339
121096242
720973109
315669898
54418831
450667760
532948851
943621068
46338827
321845112
287835620
767761936
167891926
136741218
979070466
919677508
402020075
641777978
672280692
345988689
988144587
974078638
71593028
842123185
921390184
837508970
413369678
4380621
468290143
538473751
622789513
317894184
147081908
921132554
550598947
94288727
543216739
657377065
656860090
503177178
384255099
920783687
441822303
627363888
689417135
626366706
610397894
817567941
141273639
666321810
43089524
974531362
507337541
415741505
185131431
322203064
713777116
818792471
742741191
142113883
270659263
712197729
597678457
350939969
515230000
356033923
87264304
957708492
968862675
52111803
157506213
860100143
887571067
180145884
840287724
897179807
489489338
365924551
600159198
449570631
154370724
666883261
715832563
821979140
771768920
105131109
463203706
174602296
314914132
452304179
715383519
214735640
343417656
53035092
383472608
319400442
323832334
505316007
720521206
885606304
470195197
490074587
174307820
756075683
898742743
126229326
973199796
240453849
693428414
637504564
783326391
812351807
973643884
721107666
806718544
109756573
917211898
558725453
398715784
372861322
389940022
141373720
447309747
928313621
90298815
842905733
579430399
850725068
612279161
186029368
679154108
696171897
551452371
913194032
568199576
930992648
462279541
70586929
342704159
428170293
67847299
641743871
584732581
782622362
127143220
438269414
157865141
88728713
510292833
378725318
431244622
93746861
958986433
260168533
284256538
554272581
961650031
15178459
298595224
744487029
85983351
32878041
92073571
215500138
697770262
313391801
231500131
605940382
703512308
441076575
335116861
785895373
571839194
247553430
920577706
862125315
895693999
428009168
398031816
832897638
660273192
41088637
69327836
457292892
425465901
560097745
886378653
380527974
685713688
111831218
952888255
988718512
919346569
728775873
190830729
293724650
890126255
589628339
59599833
15435254
361413359
28939294
93715811
849687525
617157959
789958413
519726648
739452144
439319016
527012268
847855617
718890466
608053480
365730283
753913164
446879891
651083672
644093096
868098168
567075847
404192844
295159278
359266340
712059535
21175405
581970756
71823215
80497546
321124447
284325327
174118335
874251273
504984647
889422830
164025547
714230930
191325072
268444754
283758728
168120778
83461253
18841922
280404634
128072918
18779833
416272991
198080292
561269934
426415309
376745390
922904370
678443946
774880395
905474679
131350818
196952063
807736137
479271956
854116841
1632935
226563575
863120616
652335134
448389810
299010694
923412733
258356746
156178207
79472629
519375382
441512844
579633354
42559209
192266948
840176476
840664913
385767081
126270257
862515537
448027114
800915357
942822041
321447047
164652612
409431044
312302811
895294220
777670241
518639597
77459026
43390652
626115199
57670290
574961167
94768116
156418027
920313394
297344283
504897020
501479099
419084919
924025645
894045105
474679132
966714286
263299667
398855835
828414445
638326441
34318591
480277320
34688805
117171924
943406379
555783819
750665286
520837878
304974300
426818702
790361996
664738797
977702031
972608097
181630018
788514687
299157825
719950849
337722442
906761913
607062755
410624393
257408524
494615189
118230652
696196711
697331821
334256902
332372213
35951131
28077738
787932497
811949311
830881359
205895141
776750529
162727180
739741613
745027694
482712190
120644221
465180480
11525544
206681320
968301443
200527436
564111514
747836226
811863096
138496782
308316870
545445425
419589923
772806045
694114212
115137948
705606999
604152135
180204095
465747895
458898221
37958705
602622517
325912918
361182934
882106069
448058909
536082095
410795055
298210639
848864812
584873667
828876045
230345599
805170878
312125200
798139748
660257519
372984251
616631916
293373863
643187137
756942873
722671271
375337529
558420547
18506963
911538663
834641604
501113572
562748036
654043071
216373433
283010402
973348629
975761776
873294711
973674403
908050124
45394622
548897661
976236538
963556112
471039432
443797249
445322094
733876691
780613654
452886390
654814313
243662320
390412772
583036815
132386861
12543555
556298285
118161200
180365685
593404654
848613993
566108712
606502215
173026406
869688759
130423975
73250158
80142337
192726518
92630663
891870542
280118840
995527198
990268997
861417901
736422772
770270167
826964007
511977701
391722823
297742842
265110864
202242306
197344839
562434197
541282116
419600350
556861342
798310830
564968625
865064407
654154419
22200119
709240084
209937141
715741883
20532268
154897343
515085653
803452066
506200885
507355402
967487128
973501322
728404704
520041515
84745132
901391508
239925086
750866396
395333252
538040763
998959207
553384771
437829176
190382884
539693304
370217604
558596916
18771005
302223486
8304721
174682640
611330198
455493328
524015144
923298984
369755000
870625932
782380699
667915563
695935596
763604361
659627802
862030015
100150578
364922813
843622207
722519103
260149944
836102530
254826912
913809387
438568609
839737927
236420903
817761979
412477816
819976653
773277019
348973610
219661685
982190254
2575744
263741849
415526315
497093855
124485410
873346662
830054121
63185191
579545733
145983212
421261828
76553486
494574659
406216723
349363690
945279295
358363476
585377401
379488640
846995058
118551056
397442142
357648064
88968058
26058333
256938894
455380755
508686929
298570195
547012347
682753541
431559250
616660422
260587293
653945085
906438466
595246390
382477077
36782341
230792526
631443679
714368284
786362873
262014486
705347301
314592816
145307425
215242714
459054865
983812706
976951033
168342606
690904403
710258930
851203417
306409408
428659734
581485193
751815115
197178578
474801386
171308477
448391878
562330486
588142482
964483984
791448685
492325843
943576496
431827792
662621575
701387971
870789554
240685160
3046327
724715366
123483199
443263189
542797607
300579705
854008711
993522700
825241936
184027371
768417491
97017564
777459231
831131562
105334844
226578212
107805361
898717604
843213868
394241952
533250124
130860768
492973827
868954881
232889495
86058483
294061143
712931189
428815655
806934100
476284149
551280902
545864283
108822866
134260949
162915409
386034034
874126107
958318692
778730163
909942050
797818402
806159498
674857244
851930037
114791844
495136815
796806796
567059692
24046523
51590852
599687773
583834253
216366673
852338808
248074420
698243926
503343654
508884238
505601356
886859562
919691546
867479343
66153917
521951588
351219496
584550770
909262907
740613480
761402656
32391358
896582146
699554091
299205276
832434794
413340856
144454886
287879248
117157148
963886052
363545210
421010666
263716410
427840015
225149554
407506955
984976191
129455664
535914479
719225784
916003330
390694145
992245806
994431594
871843200
631311920
341026576
554462735
408332581
967915595
553598327
265098787
401249227
343442050
605779355
956398288
38602204
690557640
938821553
804293569
381648977
714046867
509384354
247144283
183986038
155105122
179883794
9182772
835802488
176803956
311323197
47474337
336142774
393420133
259378861
539797523
690914208
830506396
754425486
618742154
620438979
285178858
492178320
382820856
714741652
85929685
679237094
630871281
260139099
648262706
513929745
292395240
472354912
647325437
728862950
469113462
744571549
423262372
967457171
636957081
970790758
978546294
754598339
299221246
245449999
529484282
410590039
245806280
303240873
123651311
527930372
33566726
339017404
676152863
586490175
62879817
929684363
485646723
674867666
744226989
4124264
580829443
260641573
972169005
296279065
797715428
424614062
623373240
532031483
726632693
5960385
517765527
816361210
138105845
568796072
125115794
505184002
372628730
922709846
11038437
315091256
820028515
371568204
532169528
232014401
291106498
740701570
241018245
690836115
384676771
618619280
767792319
776156090
122121867
161510475
596880605
122936135
649982884
189957872
699393839
917072458
380885032
56543884
948610516
211372701
25092544
345583207
343001453
493593746
933846776
650039186
439118754
808172586
39802783
412002103
941847138
237268312
306635570
253342607
771643610
338433690
532951624
459223750
432843001
103662801
396457549
550041876
307795932
681177362
816060541
521388899
757322748
314771118
988638391
959393368
201042567
274329671
175980266
172349474
827994388
823547980
826718661
74852215
324276144
595502246
628154871
713864231
194345017
367336000
622322477
978613364
164176833
741161023
15691388
939120245
210091746
916955800
898363161
593842789
552233125
540058142
504642977
847376150
286853026
945849078
539603802
841336991
352299984
710020077
72236483
623287930
870229574
401517539
545127310
971399556
108837746
761744426
399513005
28819707
88442300
850090519
599612318
477442236
823881027
454119183
433444624
962967384
681933288
262488577
77108668
610643733
856095670
716400194
995681939
938128463
374038904
939380988
957858825
135302429
96010021
93814579
409222240
382151247
127201617
91060251
584370896
43191695
394018240
848540223
640366915
609830904
247271619
367996325
276158392
873673549
14908668
638145891
937840321
741475811
784723223
147134834
693126013
368151426
222646636
295704473
3817829
117444859
795981408
603759702
869408439
125803579
549269299
881503648
10781248
559321723
352904673
840245689
485107670
604121156
730997351
304699994
151070519
589880867
618357458
545271593
58468502
562051101
351687129
536374115
117445750
750410955
907220390
735720316
481862032
783943755
182399270
885946774
699494650
361864036
135385394
435015852
39641653
871225744
112918584
980456862
836947148
116393046
767202049
686333718
464973708
874725720
526703776
240401499
921346934
909887602
820278741
855403372
684901120
195326337
865788876
551295883
711425257
519592773
808551922
985793583
601129744
204166521
760947501
977552802
981776104
150727652
771219180
923700012
277519492
427076503
475504469
109598907
229294076
641212986
305731087
907429124
226782532
466313672
668274161
678891080
2526349
288896088
299558464
972575614
721878530
102269131
109293074
326963673
855206716
74010153
573352912
264342755
667264374
290090417
598080378
70841449
229155021
394396741
613412586
924531533
494956416
436291838
21876791
636073300
757293587
317551731
8030867
534325072
467122961
872779908
272461856
765541170
150214455
287458475
477484781
108445005
556229263
195105879
245709799
67326810
53169544
334478643
383507311
321624240
287640488
558008388
886416641
620246740
69459520
128877754
791414004
24281178
554919165
136994673
576682828
468466164
836928782
475064572
593045230
614423947
578270004
698473514
139509124
815750409
971219503
793639376
942244106
418544693
255919222
905152470
717713131
409532800
305434319
755816255
607039924
162900982
651680197
955929528
850135858
950971922
858184272
607822094
490176917
667766866
894911861
468551815
557261078
663085381
602131678
688739989
473089118
614340973
218601679
692101319
482255166
689110333
171722799
730340534
388453883
625494703
250721128
211412362
128643337
961208680
164535237
653450265
786381742
261715022
866101357
405069870
183741788
407127109
46361765
539114011
859172087
198847318
311809640
152802569
381381632
209801496
92183541
747487791
225163620
406297796
795383144
685632278
385277787
844840469
144779085
142125098
906615472
446957015
415311100
423132235
438981510
542268709
909359658
268647352
745655660
932637292
21758114
690670127
495560770
610880070
315865239
578287066
712911354
614792820
289615478
581022616
18929068
834912753
505068325
492301909
709848391
914062060
551499196
793123826
139300437
710573182
506668747
582469263
539670779
512345151
380384351
836049013
936129414
903627641
212905158
836512339
402507265
189559622
305433062
918447932
146191539
985070133
51184009
65476289
429284536
554412314
405481745
673614667
734245565
92839272
78033047
537903081
608363300
450336772
545149396
195226550
355391087
133423072
615337293
802705731
383121647
929550073
676739327
162155845
470168337
865879145
941240715
853109275
328133189
673186686
178559651
858058526
555086078
130836797
898680921
642531543
736507268
808232054
758238254
77936547
373835770
728680431
695748149
524975815
964850983
886526330
295534561
442428028
222647772
571370581
47399474
279165566
518661710
235090539
170518331
859126334
608287258
132712720
814445108
783896749
228617355
387995744
502386341
52215192
987380848
7299517
94756836
36550933
919124517
810319153
517535711
282944506
391896832
961711273
404795356
961574694
327301696
672293166
479328144
620210416
498429056
961424034
506570094
373176910
911358130
9052831
928569282
885818427
935003744
572219880
37079037
354531707
151983907
993971406
805291945
891968636
308205314
209118233
944008872
210522643
135165546
602828175
198045941
893548488
107535280
443823155
53973081
4735663
477820447
704917719
509890626
632222212
171240774
347730898
200843598
690222994
387253672
713706461
799826465
374053914
158169841
232417622
935233102
945422051
955613246
281905272
982750346
504557444
561888861
304785674
669263037
506487181
903344504
66219423
317730639
736405605
354936906
384556194
392573449
824824319
323087073
405657768
969301223
548185438
959631886
596769309
947771048
333447312
731770743
624934201
982598456
46669901
693021313
975096082
734926676
768352570
795571091
282359223
218145068
96572627
971017515
978986289
132019278
776452473
650576130
931784193
996464481
714003186
847198896
489878377
941929100
569416401
21708594
895873933
674361161
647703519
991327605
45406613
179961863
489390430
385549486
567027802
915157351
763946551
513578259
208861091
770154497
897665427
53392344
360120620
526725497
465623048
353613870
98427425
332817230
597239590
992279408
117711731
338812127
240800584
836802399
868086805
521474996
788056701
842614389
499265178
873675842
28150460
38311550
885165909
264861558
792204640
195506150
116930794
986997560
199115642
468908222
980252574
621250468
64520278
895722269
105514686
214888414
702625221
520344224
397640466
942232539
128780426
210967377
759309482
502602553
498168218
471188893
423965427
201224215
711231751
736550533
54292984
687230942
888169856
451625881
446112959
310776958
592163670
983986502
485716572
521764392
490269183
893694473
196176902
648812204
931375070
738157560
876942652
802509511
901853379
188246116
997002499
674152509
340256215
498888977
108539548
484843197
73043832
916847378
495574533
64192410
792772892
450495283
118363127
504179321
422825516
324825573
349069024
645338195
245467256
208190179
675018632
614023430
993373408
373686864
235919658
676899475
877585561
313608365
248234182
163917804
4953263
925166154
838857382
597160706
660467556
221395987
123591753
209059018
908350130
273209504
638596933
170722822
201947770
930531733
183394985
852095753
380314854
238452038
918310375
929325092
316201733
784911062
563255729
393105472
680659305
339287225
97215403
171206985
417427642
404870393
278715416
868394414
730308651
925671213
465351755
961357511
172051372
998427824
93283374
985305943
267306725
86690706
133628945
741710933
174462886
109963614
502774298
742956918
675111772
10329575
947314003
40072680
9066954
925922888
155435592
928741500
88894251
907532958
976281165
790534113
763682883
885566499
207674884
939250784
611302388
559419611
492545484
351239777
725043328
85386012
802487364
66756363
707993750
215026991
193740207
887380743
808967550
740075275
423127289
965572218
212199562
335403222
45912014
608518064
849372894
79582083
195633147
945836995
581963293
888121409
719764371
65946194
518459528
16723951
751018156
926828658
410803899
938752528
982711241
499351368
670275773
28257866
187660186
268790791
152116911
349932585
491217647
855765449
163826283
316325256
229392560
429587149
978278613
193994610
968231678
544292613
402647593
896900077
191332242
636183482
107126769
867096884
782139106
579485347
839936666
51380541
901794838
383437036
614909295
57821955
59612304
448629615
542937010
209123829
340901222
599834593
850262465
492512428
878381192
896466240
423307503
799439287
343919041
557551991
517002191
5618199
802928676
949624504
122071175
610276531
983747873
696446017
148955861
239192463
876082387
115098712
356361577
89514856
849686000
74421447
342244011
650334902
841709261
124870895
344219271
751569081
64813287
487141216
128235517
255150678
539839491
44402850
892561157
141655847
547556181
786434460
756080092
749201210
632338062
771367197
319695983
937264262
211648113
227315686
959198343
654683799
319451310
473275811
733049503
801089841
616673466
607477573
573915356
449575357
247778273
137568752
790290317
798171509
342134596
300165143
150731167
1782630
534607808
521143534
880323462
402764807
307061319
757876271
400073724
188536270
474685712
263886036
919226078
793507760
449602584
674573627
601960907
992543974
265672027
674789777
804749725
169751107
566557126
541695503
693812503
65784843
567459684
771226570
289282256
963966257
581949470
859847186
218628069
767702343
45377931
104606528
367959574
824493825
846507671
724591207
541097915
396936183
538882899
947391962
945857992
255330342
27282947
32454209
597963096
341739229
353204071
759468650
150911110
961590440
483931033
211253300
175104946
760649238
551958524
720917188
367863451
891428557
205055380
540274622
525434117
233862548
547533521
468718283
463896711
414205918
580230050
195857882
547579596
677730596
315027732
119681762
305841035
213612733
80798091
413593658
440473813
373056102
811682635
97738571
54712036
861705440
548219331
594334498
465028547
118443834
773282845
236043811
341830958
978531754
190889601
372621780
71299484
243069174
690696813
101685999
309798477
371958231
116240224
650661346
991022318
489413988
831398629
982776272
936959800
181491409
125310502
88179124
509597448
127787347
81834037
393796589
482442586
690887127
459583949
826702740
378621224
146625160
396467357
179035625
852853405
394274786
221380286
980245502
473489189
259395617
137418388
993567498
338515197
746079568
597413992
663757550
797198218
856720001
569711147
403551143
9692933
464154753
277732012
254310209
86950019
10044567
89550701
352509943
168751786
30826224
69814205
427049357
604130964
378492173
866417476
6609294
849944014
805449917
380825436
488308493
136350345
963175412
660385126
405945165
629574190
229581948
537974782
376339529
910504935
515038206
184580091
219382161
890488943
497614037
593895580
20739545
725103034
16040721
962750675
114224233
44179668
929010381
805156193
198962904
459880574
992796163
561366329
773262378
182380126
796742583
459988592
926707790
468553877
178017129
837154290
127587923
667819899
144390904
66062560
949937189
379562906
701346858
800692176
930918144
417551817
228321068
519898665
988917336
899042311
801608743
300498729
709283034
659184843
428782425
690697194
918245861
262291466
362998911
55145114
263897888
875348193
158061551
454077048
277711598
402295427
715860322
974869021
961201766
198639549
753330590
121213773
980872615
869461601
177538521
458947377
97455570
431999585
941395681
950676592
700582101
690413935
762181548
740910792
510870632
942924591
290679161
91348870
467640934
626123924
289416229
215025814
262447813
544996147
255619548
24608264
838218787
392777467
147666380
440588337
988671261
402177047
241650292
236619602
131944618
964118003
525761493
62568281
903084721
625401905
867932845
941427440
452787000
556787245
650007288
905082074
247585591
725584548
176362641
111961567
151221354
809952153
267059089
528877906
735356447
137494167
306735309
32496860
45487945
702759756
893743223
983241996
784738243
609821698
903376928
157652617
118459567
406231628
501430162
9643686
506751487
95319712
115388537
233049480
936642829
426832863
752764100
76220185
834909898
975074248
104116399
705586984
902015076
523363001
291225512
441701999
975831573
291465536
202262126
462240844
515124726
722881798
405884639
829741918
403093197
766669007
909253643
471196158
117600322
297063838
538442158
933756527
835082500
628107671
914860501
429960191
434586639
737653987
204911748
968887034
844701585
47336996
502083112
272848246
300926882
786854946
825021313
125381374
276544020
618284963
137124385
626856826
440927394
51551719
842020649
414175800
290106651
54739147
272427885
2541601
906643920
28328310
923775401
752669818
800311971
230795304
317825716
69011666
316492346
199994454
788887662
211853459
215141956
146006505
765933502
28307856
303333376
212714719
669923001
36140128
747550122
806116568
56879416
976140441
884823014
139084668
602867787
591952831
889367233
340398097
227812290
289557638
426359450
640859977
694361746
890415971
555964630
26892071
289975420
755044563
665250273
370209478
960683352
664680831
3291052
993665466
17665987
271842068
85813096
860135456
105647561
263933255
38268790
819195757
411513519
944847182
343407113
849346363
439372141
252313385
366270694
302443749
316259252
564536982
262273803
106657816
775622037
709159414
100013052
245205910
302644701
30874225
336808997
368889143
413542409
889164520
253593790
721837035
504171433
61976674
840027298
609398452
740774356
720660765
275653856
166709458
891705946
235146807
363412628
891612177
358346983
972882672
68379636
848675267
644627194
130329217
744592212
846700970
945074108
518504388
811619546
890353198
639103187
811073388
484164557
18237736
120075582
124568929
158917306
761065471
465924672
815472073
671558190
117906103
780043882
378682571
638266131
335890569
258782648
669330501
432622888
458119906
384007100
609529637
113206923
965547012
333268354
193319342
613893374
230867151
708278277
309622539
895702442
935697007
480609274
835965982
275606228
781305804
602367099
571100409
865486991
216081501
143227981
954785787
822791342
937911761
144611990
990348526
124888555
359817869
562031081
718952271
998111488
413148569
82374707
188913393
657853033
72570935
569749849
261419649
657434166
17898204
506902418
994032085
402405223
960957115
715065846
347104966
668129252
889635424
444486109
241620098
669018569
23245645
553382525
633979405
800480856
783438408
551008209
213814009
514910318
755358326
953309106
600923677
799829497
916836615
790100705
88611305
192988702
976201087
715331314
609146815
68916916
334242769
246511469
964587615
944952633
794671167
568862472
11064077
407070386
397666591
718294955
259595869
786396753
226018877
62985874
657799381
908167316
632028871
967647539
100898349
693115790
846862978
847516912
872304979
69231639
647361638
913992533
691125741
899946251
54440797
305105098
280454412
823762680
54391773
479084966
17448343
881051176
648156653
339133245
971292794
799668408
545772184
638341957
399755822
722762010
540480019
200190122
277773405
471956305
542003177
93326166
377902348
713783175
204555642
172293549
177979600
951370645
122406889
238752686
741268464
285091338
811046217
237438109
249970752
809457557
971286903
800881302
164812219
44120481
869988925
779796064
644743646
604679171
118794976
468189103
489860939
711789265
321845695
443916901
54278340
17341079
942771566
358354341
892847908
613236843
964432538
659509501
131532925
921594896
601666144
208818614
411085594
409958932
920569639
561151835
384204837
243447181
573461309
391687442
227655376
724903350
946841830
623197897
924433530
751396529
972138009
266936395
58303982
181388070
928548601
887544263
174081512
359366514
728489351
641395395
489450137
412985020
140267315
158142407
865520039
871760499
162141174
629386626
866156924
360401612
343217930
892108611
597730876
669798963
790393060
983179861
192979825
378206525
638891754
450789762
551166995
681758419
959782802
899919825
115135391
514872719
163310647
167660591
402712415
459952394
647929687
959493556
955261882
318187344
499080641
491410961
528708045
969842678
916332316
175937508
428720297
866056632
454901980
773085785
210989448
232718930
679933007
728500925
509095770
540644515
94622690
708014832
860701892
888127608
738404258
160528064
326221570
909331771
601968073
243889184
949994223
235331198
99991801
33741694
295470482
181527945
91313630
698541562
549991466
58278358
810296025
664884274
325965791
589098949
677848471
970912058
282293509
179811890
873462235
61050188
926733918
356033057
131744468
991617158
424084397
255794017
200944396
875549858
290639384
646826364
413660169
735747676
129179800
282265961
237401905
681513053
506657389
953181948
312511238
517934061
83356948
887784955
487192129
605998896
890129609
747529037
93358308
871753235
922324792
658378690
379923632
885935167
759879199
115250587
352774242
623397956
892054516
769488431
941170595
790777887
476908911
557575759
576123220
123806183
89558666
406664453
270894400
138664447
248298501
934333931
872189986
963098411
984037431
674028492
40289983
465733200
720915251
821085848
96297436
760236280
818633887
758402707
300350190
419013939
662325050
518223293
981416257
81012357
906625053
403631815
574429266
742084189
495151142
527629615
663803095
381876289
223398243
648268552
390415092
617340925
911713799
611134493
255018840
908492935
990343390
595604312
694557783
208380625
344869522
247129872
155320373
73852271
938914792
85931427
471407121
916433279
191143324
733130739
633498507
408053036
323144637
803880659
299386381
677134788
939007810
252674393
336541231
856222812
233838671
619923881
467783061
604420220
403856357
641630253
764559890
460056320
340272246
627734679
113660620
982410638
386379663
319759074
187197004
350825014
835219725
403594936
660130162
590566785
761869949
456024365
293403161
725459831
401364348
629548098
536865008
652440078
339120883
212816674
235923387
897215762
645557767
573046628
981147777
487514659
144719750
794621107
737475101
528245704
295702013
442707152
690809441
375403110
516891957
800251086
574453051
388329051
221673942
869224734
221801781
679467924
135648448
29045893
923446018
339593366
297115037
598425771
675872127
209678205
22025920
959892359
935363305
194401936
131098882
424969153
579804198
110396355
880558824
65238962
366605385
281712867
556799364
400734890
573825679
426828042
857747365
356133314
844151759
25478555
741870284
828573403
443784782
634966739
366418003
688762896
46099220
467982523
950190524
597640379
122629311
695264986
630260490
748191865
459736528
266718939
996897333
790582903
243750492
431140888
194701181
648773409
410962762
999876238
738729653
454305075
854515259
140915078
392487493
278648952
941240293
285150515
485288991
624036444
252984720
872832093
208071458
29215126
676920038
737532445
324452579
526911649
133501042
791492627
664093666
29311542
70318594
51859995
755157965
12759001
469504232
38511424
654553077
666217954
509073774
469037422
88106397
99611985
668043364
872512355
94426572
451868984
131207008
957260441
478175731
122885865
929138164
865023430
314094197
656895540
799095815
733640660
348499170
702975807
114307770
426569943
46794845
908237652
903367179
151882843
999040352
730296139
888366420
88653957
801842174
960192627
680934508
50380337
739338266
821617246
744702021
527090409
556149553
208719539
215793736
168008902
997079753
966383506
476917617
657346721
986912499
225174717
797632572
14546963
385283385
19481234
82159073
916233095
882432026
584728288
789905893
73788488
11488806
901673705
750086967
483621774
397714348
492351847
588203842
848065615
11497797
250625484
662395555
195817731
939095764
703123875
67219227
523107623
906078290
615642075
559894163
898594184
939137598
701818725
197266873
244718826
858626833
609627096
55213572
799729032
681172198
590507642
580543094
67215014
703393033
293868753
144413685
269709740
354977557
523458142
928402603
376369779
799507085
798430085
91487172
491126953
103945024
674747215
655869142
201395230
224183107
451390676
81550420
814958018
549982780
301787950
223948384
488975825
141695881
951437549
650469639
157682030
308401722
619102371
795952151
424191190
425000584
765418547
310293577
589227807
343361033
906700559
544305831
334806725
48117661
929186025
607616536
877804010
286801523
31011867
179497342
718086440
952719371
893402687
140606359
769368681
951565883
759019411
393714870
354148258
150958490
298383153
277072833
323828371
620265496
497315329
70198479
731885137
752287563
305277721
456279361
204691869
627134622
583834879
442185840
720580244
713129241
369899439
554203148
504205648
339175297
151975685
173228967
580104144
53914668
753136764
17982888
736445984
973758567
367572372
469008254
982922257
661154535
750501400
420864300
892360877
456809200
396317312
84798182
819985252
391940516
734462645
833647479
307772224
151626379
432161557
620030322
427806768
42537075
398464518
751619758
479894069
715191016
495275518
24310564
114938865
712472575
384729063
168572343
896929174
773815461
492040148
102898278
273557226
179046687
356322748
359710767
574658824
193805364
384224597
245718096
401399434
860157463
235273591
728732514
212158890
978074605
778645255
445806969
82865142
950051758
483864879
371312504
191099914
665049388
615559121
962222019
79835211
940674491
433703697
680380601
704424640
143622376
986093090
503760135
690638352
998906007
414029828
858091156
894149293
267791593
780748450
503284738
682263988
97795985
43456948
915993238
103202954
364618191
243084304
766748924
316140093
7850562
269213422
896686088
203653635
88578947
196173804
485054602
597307351
155735505
861026984
873788552
101836689
57055984
773306827
23044634
642071388
811183317
383643749
468710241
7791533
434774072
827668514
316481507
292126035
757700396
220070332
86288707
471567436
633292753
987364912
339056988
521937163
709340817
585280113
97516823
963026584
753588904
36089684
362586877
101293152
228600765
337543046
530689379
578253545
718980068
950215571
78786100
784556486
12845265
489016657
169532272
194018625
100845832
53606959
416937824
123170389
871321932
238325769
943814408
350324219
175339024
435639946
916526092
424535635
891579306
129038231
964668391
601000230
820773113
968196377
856870570
392442349
115444950
282167691
855754118
587811390
224342731
162746532
844840196
925174059
794481002
145965997
798957319
807607161
500598467
252207083
699373855
733501411
489792837
824380793
372763642
907788142
797653302
302015136
506250915
120300161
460834796
637224111
524571023
225306232
78623706
86244870
387889234
138284697
848184433
567562960
781024276
372632175
73201080
111332359
574859987
929392724
881072001
262170961
300290233
177000871
32560640
322757021
784218168
143533856
506752570
52895249
911309013
309313840
707563100
594983670
88807499
871928899
257318352
972368321
407912814
403756288
650497073
53220050
736890837
127392317
570338584
445445812
32002870
220101198
820081182
919356512
651799234
203609544
752016625
140176873
164300204
665730088
951660162
207464398
18443049
617808466
72454194
757113782
281060677
695519841
970672091
250745700
933368912
777311186
280979191
234500614
468322988
785204159
920082738
922356908
129490543
460997949
819536229
125368720
412348843
421739863
59517704
637134938
654712949
589729825
621629264
943739401
974531753
728694574
533114301
5987342
511384066
463958304
593728695
672182749
47348899
888340725
956695431
542080191
42927607
598394035
25927197
759788516
81292205
189534127
208039122
541333735
687919180
802719314
356911084
269351114
44163076
186173046
819186548
975073372
633514525
524832738
666308743
161568518
548686357
674720524
587625931
443744007
8506446
206561424
371216244
24104713
84795326
656493159
832607781
651031078
196641245
733097910
980925187
99865873
994095872
11628923
57892131
514126924
46816987
68284087
28661639
43007921
859781749
657293245
708224910
569540752
111277709
282187003
298561602
76775883
89335566
461797812
102087795
897118497
282014354
261674151
955392383
557651394
917103141
530032768
908478343
842550647
243492612
982691344
897877762
664963714
710269746
662420022
123116603
723126032
302674035
265864274
47445070
716031856
993171662
928342747
136969843
658805852
279756502
762507276
611191546
553771708
125591041
29447311
52927152
554531361
261111903
864840200
772402363
648952759
62041270
344593956
566437183
123366371
12500165
706479981
953093118
287953935
740440273
991486462
357610905
130767002
171563572
928593601
428207880
268863005
893829101
815692703
767020406
706599129
935767943
482541312
476562130
462600895
503758901
101769850
723526729
998368373
116764163
530222054
798949883
999060797
970294577
999378549
118379118
976997054
845267999
606512509
498461885
304228140
90050835
770625653
506809882
466714530
396108451
457900357
361668029
788513801
652383255
636327804
322815879
899186403
713742841
335001103
401065637
90078894
709076464
201701446
479415699
358607635
469427223
61343628
51926641
144701244
887139900
311594575
134584891
544442414
144382140
747542679
815014978
671313905
927614965
541431545
807834431
9552410
256305378
823928969
123455629
416720940
604201568
198847612
821975294
725518044
181296899
743070380
492116651
76909485
465695525
693893441
10525460
266499738
222894563
946860957
595739591
318415820
40084817
382117307
675507666
515256188
967703201
960977033
41966072
851719501
869771861
322468091
798796799
690856337
787292879
485595898
162764668
90714726
696978340
211484256
412929313
126285481
132509032
781581112
941239074
248915097
932271857
255887455
472776866
676475341
347645559
707657836
319259505
784026206
558269641
134260742
163101705
237614271
454530797
499700182
634469501
182496970
395998784
630775099
382592195
81892006
681801448
632416482
92292895
339734534
468804936
40210740
822846381
921756570
7960515
55490203
545347832
10424746
830626857
502628498
308388912
868675863
326048669
1423377
667095371
152506085
240904371
790851171
31105340
289225368
930851676
830441518
703430604
513721329
766961656
987747923
28651966
839893766
172547956
945830299
541895586
54035176
93949483
307000817
271436579
426266574
430458311
559829665
872142104
676380142
52589811
916901033
105802302
893929743
767113561
902296930
869709542
916434651
233224098
412722169
174680039
817221416
109173948
578969356
263893000
493607405
966334241
748867133
338360276
164624380
456790887
68516871
487481017
642104039
882103393
164562466
400567846
491062866
255619613
559301976
599412296
496782034
642407841
214068736
288204211
160323704
601341106
592026791
289792708
909998928
354989099
705468922
761562880
849717971
201025743
689556799
769838460
561879259
344249543
701096100
973074895
65244604
514144157
168987926
672763463
955756240
480213872
807659719
502700216
282211829
649273938
195158706
980703997
39635516
959863146
338884369
411206238
333384775
329300566
635301801
365789562
496648973
483358834
627532266
916348921
746843959
86678656
245772040
186600132
16356586
168246238
14448092
584707456
87579409
267633998
170022314
125872540
419583221
861325121
647307563
802410979
880548134
963208649
753482084
646866607
873087881
668130977
297243640
835682150
307324039
962539815
543809148
907838501
90609216
336658008
892727556
778082913
939962143
881177403
762303789
309307148
178000743
98861396
486975223
913272126
560963638
367191688
847082730
162965956
326003089
980745366
668117874
417204509
304394609
919361917
885636980
533961628
781647126
778675884
210881344
734839415
743292665
768131051
320741051
755186587
553057697
625437087
633074166
100564174
166609504
715490882
153511226
451895426
652396182
230560732
256138117
756438660
351536139
829637789
527978171
453249674
11471737
275011832
223483091
867167010
723955296
135746136
666166877
963485058
734691713
453352353
920173818
707410126
64082279
152130413
744324665
448871603
854946161
438904130
591288807
293828101
534779984
245414089
894404215
675743970
948069802
498591431
128023173
786963191
595092616
3041698
313722541
982052955
832779205
478121814
429414030
509655959
803792201
399444200
705251062
225183659
231131765
801321755
522333672
122829040
151392421
961023444
800488504
911001150
204868144
589590025
557330198
674122300
237650453
68515211
391019546
198887489
110287346
801934185
412043477
427143748
122554181
553176905
922957895
986889109
936642755
759730914
382621721
378136318
883713503
721214011
476953958
537469616
491888877
353824800
341837411
754292068
177890844
517821969
651068964
774209290
787192644
960954020
553295441
678044434
71200968
482150659
10305957
471904158
509668638
994496675
995658738
430379413
299555411
716255430
850479938
133022634
147568399
939677270
331191157
421489094
405132231
526677010
427679576
410836774
902362005
622604675
430175569
550620112
579029503
271868769
249370443
295625973
79101352
153871868
780267743
683950684
883483394
112883876
77752311
965332202
939367755
500137557
45933220
304465038
22886438
533597107
15843630
222153213
461717406
741129181
133408064
447850155
747497511
247179429
646515816
250561192
948260487
383451258
301226438
366332421
278247562
51757930
50368896
846303075
700743680
291980200
450387623
174302291
364022172
332091294
557957783
577390570
946811687
121260565
606637347
111524888
246765780
276914376
10493491
223414194
510761632
405210746
264730364
601824055
699313967
103363714
8675642
246504388
523831216
858203643
220436498
158167504
719688006
705643397
236831210
559374167
264244003
68976477
696118040
22464277
725883227
81978464
457208013
760417678
130151144
713098421
633381191
534230712
347414191
445903370
879768726
383796198
863094611
362921369
242279972
522903180
687832571
211657973
27649129
718431861
428762103
377625167
597133995
922962343
595515176
731110887
787241221
906054492
974801684
537945980
520995899
627353127
361679190
436096201
745279049
266679694
139348761
948775571
146357977
234815383
42848372
266908616
94904977
737523354
804587183
696934390
320116067
274230528
281380049
497237117
590578899
60240878
366571664
147215459
488487947
254414852
967352194
190048428
903195945
68240332
385861149
671882715
310637483
863131541
283528361
739131801
333205469
385556097
505981500
209848820
943498494
516009183
841907661
274606442
79680199
201113349
228251986
889690635
291082158
410110953
9668688
236529615
221386608
48405567
289476306
261976077
604632407
746114580
273222274
669298349
424971729
866300531
885059708
575824816
843532601
535866149
981923534
4729098
465981145
318895739
615625162
801668274
476324985
24052974
618893741
803577738
544528584
867688461
76953451
840480375
420915651
44854555
405518770
951636676
211285004
452083972
932661479
567554378
237755948
672880214
235472637
480895476
298925044
298682932
112574509
96472848
684853216
796742452
629820158
256081756
867318270
850802204
621626335
734995302
870788203
404952490
342335808
791293068
241740121
947661569
656664142
895865590
983060399
858586515
907178404
267955706
730652502
791697031
737918995
693417286
770836502
809676703
240532025
905415260
390828814
205203835
349098080
353202065
213164422
374866450
623368175
1764876
838911626
26784491
398534980
830753081
532327087
543827874
406114329
63438890
510897895
932976749
360361382
3088845
901584982
943246459
758124977
408136382
889502980
927240689
412968333
383440070
515576153
257320694
550932224
561774165
372812535
144771042
563801304
960865328
389276687
380066543
899071752
452393306
137315076
259963015
445815213
59179388
684149530
801102872
686422945
534763191
822003037
417295101
681640568
17839562
482030287
407649799
553931821
619496689
748449808
726125175
911222398
103763857
864834458
853252370
270596024
469460983
77404841
378075450
977898927
230514094
916258727
255472633
270022928
919221102
163140762
725148599
971251038
556491234
170980519
872092249
693767928
263554616
713300629
662423903
619040467
353806597
996056979
500867129
141255161
811387907
484555281
258448533
646380965
71521509
998312319
324433263
735843648
362025931
786778693
707355867
86719642
114873126
820501006
189545552
171765710
330609602
221483802
378498812
307465997
539102867
179536853
358926531
887526834
528220709
760079680
388137466
131690053
102571980
866046522
738140184
109378758
331917297
907452733
62779648
350482746
201681807
894786762
843017803
366067781
161153630
749008465
341564172
453031090
814893528
511943859
771016328
760997332
259208441
973314879
701893828
891055392
637073877
15526341
44818882
645032099
884552468
228205293
753741521
12199557
233951328
713771759
352439622
928038123
282662114
542124594
929990057
565773271
156436949
251573717
666328436
617512416
652076648
175184640
102983985
742617405
31188133
925819529
394221419
784339318
144656409
692743148
971694723
194624737
208098627
82998660
966757827
917194875
553696187
612975423
485236811
794667010
58866225
464744132
671004985
601463281
204165116
453874228
198276189
161468731
475860568
764555106
293105375
852782837
564941988
347336994
390125817
407046520
494367303
636566129
838203717
694528400
785326019
854785776
468169773
845061820
244055152
551700690
480191146
647859276
679925296
410333429
152803878
381754346
643797028
983518670
317072275
703670540
168875984
176201514
696999325
552405396
509309096
687089685
700259121
381150048
272089182
507403669
370454500
557737769
15158000
66085336
738777134
365296205
404342849
805874732
900672867
616963588
22589446
567454687
466660615
115307170
132715120
172031638
974298327
680412606
226605788
616810221
199088872
525141845
362709061
354148791
614762596
713647045
375287274
191042022
226883133
662687539
256684312
938100647
417987731
647774851
505017509
626774182
169497224
730896379
437747624
394866208
680979422
689354943
7749350
746906757
922681291
177581948
197254623
885720535
20041686
11201711
74680603
548400989
637999456
875882426
53685121
760573841
528279636
912689276
875612007
71607658
411716370
645120085
200327687
927987738
699331826
250307026
77350560
398360424
14236526
642592636
298781099
3228634
572665675
526613096
523578945
277973495
429252920
406993559
69929397
12094859
815001595
418229145
9439967
84587286
396348864
44363924
291671326
604017107
281970690
289718648
97329850
314793297
103816200
856657486
493091887
256799703
314500818
621221514
469654710
670612232
609816260
840740114
94719854
424882069
726237369
800534034
724397859
470679361
939697661
246234619
973999651
754229915
361831809
679155776
501661681
159601627
497293671
160881708
399183384
90672206
694905831
103373001
282485263
597311251
676131250
462495524
920527914
565787181
570663549
590392472
212095461
757569216
61074256
151872427
965812560
899433852
160436466
59886505
423362850
910673427
468275044
630239069
651520417
599135000
908658454
703984379
88011602
25736378
233131230
520992929
928875848
88621214
436294058
118006574
668258839
636231340
841882307
675174029
22105967
847269821
774852723
718264219
837966529
391835308
239547840
641594792
12614951
793052477
428156785
66939503
959215623
569405205
14355846
739783565
641911116
791396193
957061039
659932173
739016505
203343199
707692282
952684002
48619909
575650773
663943863
883727437
16799988
613509118
461665439
192177319
278989824
802464865
48060886
180525393
64369744
603807500
651417857
953513316
163026617
867640028
915701215
285520611
344797690
914645725
629373843
68789047
619606666
406035725
394221020
483554593
89060224
315447689
372479357
653089139
772836747
727739186
481819437
793873888
315100634
487765900
857927388
357845237
110604581
88475239
46094285
54220384
341622704
637521162
299094036
846339383
172443678
798084346
271501480
350875722
873083363
603700002
523225844
627174201
907787184
395477216
103616248
149176334
448343201
864841078
968494910
649954523
803000198
511612120
185398055
629743847
471115887
657203498
800149708
78100248
743541187
918034557
405567589
35187693
938744763
286254709
599643021
71546488
604378608
155940481
31551850
550114912
913932664
13438581
506512750
889015613
513861707
131942682
938422373
505090556
633623844
971715650
168888285
72351353
680313429
882592276
928921946
373210510
577460387
737870296
375446746
431831220
623968285
555513907
740313775
125738903
209195720
939636163
16143978
389685032
115357874
229688048
775782431
10937761
770173721
636920934
750599533
636678101
740686873
305922769
696369352
498319295
307792612
266691384
47536159
560153474
496598590
103156053
736482211
388542135
677288547
896351703
980600813
617435387
88693133
773109205
294192538
492850763
217651075
590183268
382042234
622330170
902394858
22120142
435061220
499817588
769236980
991809779
917320817
375307291
671634625
440499478
449359314
398323331
608100807
320291986
678212744
561372542
694506148
653800424
407319410
560537714
72267423
666117552
289698029
222675019
887207466
324903789
532190682
580567684
611233057
273433120
934336400
542692326