10000
966784160
29985435
18447260
693947199
97697412
643645598
927003707
160142612
361066529
948958771
609486093
63637280
581222203
414940376
895975019
502973969
175399500
676147375
779866564
324735061
64588461
426503489
599401215
764821297
605183815
813118811
748033283
574178711
502379973
910187576
831964012
827052754
22064932
587758419
999596113
948557649
437789272
235307952
75771824
431731517
411395203
437148804
800175761
189818217
615915750
121677867
710313858
893897360
50999548
543512625
243017781
273568281
729613742
829098468
208109422
237255072
707775821
64376730
130289793
845107284
48136830
510658640
770675528
575396510
784862122
938406312
876555530
598517774
33778130
450889387
615549117
298662856
993597368
766487474
187852659
938055608
303463023
254446310
977827948
30775959
68925758
157755377
846326407
337853234
977133133
537302073
256991667
968403403
521475651
423850967
726730139
356081559
777696036
901712359
197711575
617126754
56815995
373540933
807698402
447667922
268173248
338642127
865233582
713746584
664005078
595732668
360655189
546454905
107945777
527976046
702023535
286586372
387909290
439030847
145300544
469024990
700391526
616890790
74905509
179246532
3891801
329739700
710530289
34460977
832252939
454826990
55074243
128783536
765724924
772929905
860503494
236929811
594227990
293579624
264283377
383551696
447410310
938504906
956476847
969435983
562265086
378620521
748979560
946305628
247611009
852578996
855016227
750985069
171171223
57119543
474287983
970039167
652320973
766654361
201718578
11561473
649346734
749371860
540569749
493081906
812674829
880126585
872683434
37878737
401593303
779676743
853904161
669711827
974047176
350017139
308395496
682947940
516864218
582721634
321942785
223932093
466136119
777814198
188926509
75362943
173848937
941955052
390502808
641090305
369318356
646949672
166298975
348771834
560677977
919151905
910094673
77282693
106902390
440018459
151315246
768495892
628233009
134408080
219057840
535569201
270573329
524038081
104767622
655579125
292198030
540509373
679178524
12632359
902599411
777331015
238516638
336199149
341907292
823359996
879374137
981542274
561639402
39982442
855117151
373347883
401091520
894751264
398510116
485271401
413623752
883762598
144420209
149810360
962222112
838686547
450915150
817124096
501009971
763989540
835342531
412224517
927795213
385898167
250505784
886001565
55927948
512609937
597937180
144819793
534344355
624277170
109062945
95479141
692251897
563174712
425399605
537711360
146925960
502739607
318330902
446608012
562047911
667265557
269097507
883362105
288540579
822005726
76490563
337008097
172877290
139004921
287959333
847908924
390864898
8691423
88149611
81150003
886018716
92863546
944713414
95469013
671746484
830631839
880003082
762384779
355620635
865770564
241098048
883658271
591786962
413511860
63241709
68833236
142333304
707850451
713635004
363071666
240004918
164476412
778473740
672240504
892743823
786187460
30027928
298147534
572280535
522624474
533118248
831632071
295586571
651567769
393052341
71896921
51543562
902060342
257238553
600843073
756151785
401642885
900646391
990429508
967287954
841490536
43651189
764944756
254676534
733345916
918818487
80053038
895725676
978583098
172880092
326420054
536968413
407762922
935332727
542321379
40013450
722098165
423027955
346686759
215845555
338525909
541980344
598963641
359639639
114726867
223855399
12851282
758376701
109633429
707315627
874139333
610702510
232907570
973486050
411392593
941058064
137875167
285499361
673460561
790333960
856896882
930789072
671021344
868888496
123466788
431991933
389788284
832786433
131180594
89997182
835884453
595324178
221099691
183922970
280701461
854761274
581358348
90709975
506550818
931486279
444123925
19688179
786583161
621663010
913924120
643864227
248813137
670702567
786709704
241659287
851752133
692456550
576865400
667566788
732314915
758732048
341716430
64096736
972341415
287862334
323720490
587109849
739566674
122998473
455495623
18657283
590884898
830197121
132120057
324300779
1957100
697431080
298351404
628696795
553244512
681498759
171810729
301574062
915980448
573635704
740452279
434061273
217980137
306069963
268592095
874424593
91462632
459413682
911413050
455688618
673693709
732025007
127551365
437329167
533460781
511702142
896529817
322108247
946803431
748511578
349637402
945808320
135758209
536960645
835318903
772550234
639848799
331488934
620376354
989401412
769872348
709686783
635697089
939866414
446987804
222844612
229370637
586618035
20369223
318232371
736295444
146041623
526394265
830215565
839830939
44645644
917685120
688861932
54073289
13443940
913977084
648259829
412138780
179401634
3367482
960768628
309737208
869617295
367947719
305274895
487780546
784039938
940762188
987682873
491027530
576889346
223110220
142867645
529351683
885355230
677349233
478678290
294539730
440325681
548874268
889489426
702983437
369716855
549089618
758381363
167652841
326005627
971550696
450806384
363058565
108923993
18330072
812636883
835396751
183516784
306570754
165285342
7479797
531161884
403701547
77555612
239297503
105637816
441379756
658983416
360725039
284040832
389547329
18275606
343095815
848257610
948774724
634733604
801317391
503661285
407702453
556801485
204334979
535228096
808851764
939213483
631238915
232857556
698229965
916828017
171188262
540724710
801008286
399556661
567936781
193114178
539483222
564691206
843687618
947078145
286386443
197061625
572819340
451450422
936328586
557371507
603289024
847195761
4593098
221087019
314593118
486690429
319293972
85433748
528683924
687453314
726979604
985890902
466598705
908041119
454482912
387289409
73080613
673422543
460553780
646846552
560308939
580368751
618004810
604319362
503498787
290060730
608522030
845977756
953134791
620822153
72807872
957660274
530003721
665829190
37302135
244950194
617179071
661944641
724655609
413770466
390731769
23159887
338752131
931069025
559859132
299461924
283158206
383236272
134069440
324824759
373470198
215605978
407087839
303326049
500491086
282948676
266987032
567801771
997092834
125745597
214024717
339136260
489676310
905252744
232895625
859527275
510250910
35370800
31650943
237207705
669732412
274117018
673701348
162623449
18154668
753825955
257276881
838169278
716064241
92035120
26085153
771587219
163271402
534301514
351286476
152681597
911135244
846680722
877069493
222177755
831221595
219325741
651858518
755573730
862289990
192880626
475403946
337056907
552632700
556437932
495606214
386891379
729690153
516453081
233816607
429463987
478234547
243145760
925707194
978702812
279282087
336559444
503582701
744263880
464920472
12844015
816913651
830453724
475536468
325971947
606806588
554878883
219538786
914767226
695800112
484364757
12447532
827406528
67919611
165532829
289895737
277743129
197121388
111854813
889348794
183709384
655909924
808434566
262858603
409670926
464808359
720630985
473907943
475659963
456602757
375322370
253973616
721527993
243823232
884780218
641149735
230115865
830098582
762747268
352438804
85809078
683254960
242773336
839224013
276754028
125311494
545175046
766033538
316512509
193104371
380224357
657276778
403454794
321283420
703696193
212310954
982582174
256781122
619640279
888892329
507508512
343188383
155913017
867484899
229662626
266761815
92494934
213651631
371829490
543846675
160954061
551988736
872994351
554741737
152832416
444338979
38352502
617416653
82149935
913130741
551297636
842285244
477671813
925711096
527825953
160841403
645437212
973391486
367169554
203363709
770774343
767808887
767038180
836682454
517337225
730888701
629353844
826054691
414797895
164560328
156269693
854877972
483744221
57654767
742615100
885222246
137416074
243186123
404947371
6072184
423550579
622535573
257750369
723070454
981671706
255025148
157278765
891730976
869719315
473950163
130915924
960422778
892833826
710427998
597495727
988591158
333627208
900571939
98527902
358140278
390535961
890873381
417623549
899510143
655838142
625250511
882845878
974144004
735400766
886195896
502571687
487919787
856850576
177381621
592349665
355844299
469472253
476427418
174171418
632745155
897171197
741997266
460698251
172292130
227881252
485353310
634612694
348174178
393837831
851583717
82823142
491368501
145410003
46566426
556207994
891214998
972784553
903066429
586768721
223982126
740826373
894245104
407330353
109653311
825527071
859792620
131396971
703116123
526379071
654319097
550399241
160778446
510683494
433415842
916386968
725672598
269740869
383037606
857674421
496041635
23046716
847706930
178989731
926097647
748969156
756816161
415496950
268741252
476456073
277048336
881943270
133053803
935921729
970903317
164637636
762416306
632616934
381711208
267511915
38929295
938930924
55450638
665302630
113816123
912645470
180676311
686505636
321174752
719156716
238525799
491113144
538181117
54394185
442345500
828214183
234433510
957482220
443887274
857439180
590821199
192780652
894057520
987025560
828018628
416777229
434092267
884822217
895997087
124173827
103452309
914746707
468635849
648517873
166816943
994984552
243775094
987442887
648192973
515038049
156113444
626447422
509543910
349679802
392850097
210589408
774327766
240838293
380124999
86837838
473119056
578533548
266780478
371936984
118424884
980411615
88472199
712338688
453969440
187435260
528752937
741355607
221229340
87181020
720595925
242336842
810262555
935063622
697187960
188976332
512358767
138987772
759218178
633834883
534716615
827521678
779294404
306472086
680474822
413561536
568621804
474061549
240057600
261668860
343999411
444064536
514273393
276856809
136962373
742173021
967580083
631310860
661124098
122689839
142375648
951286858
357996213
992789130
659723097
124002084
405007513
656928282
194469889
252584786
462231675
592734036
429070539
454704539
214137321
846050519
917079816
87675525
151123780
34852255
689693032
977108367
223632130
410593904
637537520
297200983
494068989
971783529
643509243
61870001
36668392
175896798
565760275
935339994
850041469
488260845
204186883
519286850
292303478
832115737
188923172
626586591
569034387
972895378
882600981
654205894
736507382
503425064
469663875
744358080
766119279
193788688
981289144
75776826
294955241
117656926
795132332
483422152
558921594
627796947
469101234
888692227
658607281
757594138
458475129
996747904
300697551
337620568
728795903
72534845
321543259
145827898
895594637
122731205
431444937
913425812
112390691
232795680
339776540
94066806
994460646
196140601
933142005
421528152
598121500
164003682
314394645
113160802
443879684
12428043
638481116
694986647
887057315
692047706
419683117
61496173
793299492
911404742
48484065
602995468
828712024
526394201
375280862
831640912
171423627
496724213
778858015
156239357
519769811
459779558
862863081
369067510
807895629
758516373
138959333
829477556
288453273
609649802
907183358
133086943
880470830
660512731
829008586
132375025
164323914
863162570
333874998
415687534
168441715
890188403
178661292
778977281
746297779
580073833
367927524
458015560
148340120
555058005
78251221
176670730
553354291
971389660
24196395
682922431
47154951
684794515
793963687
707667763
484885943
605755408
777770796
364664872
928392376
90029090
426721052
955177338
165002327
166319953
70901932
677377254
4975471
377408811
303542320
859559927
567010358
875249786
581324264
667222235
579309643
277564431
76653451
518374979
829839701
6473478
573112472
274957598
869023693
882214994
61604712
647292280
101734693
648242600
611069871
378343929
726531431
282252087
701082680
314305295
262051457
110284007
722941043
869153147
477474298
669333104
961076129
654293157
930405505
816559173
388190332
339068635
158060314
630512897
388023748
587118725
844773382
465950918
378491708
787038987
338755573
115018868
486562406
92259626
793510277
108570123
261598163
71446670
867951146
704869351
495791724
101858750
358667019
473936689
977226572
909374887
824449579
441010635
628770361
244461943
654131812
53340530
603826999
499208552
265556264
179361677
472700783
735211327
950050837
703890721
368358348
974382275
822684111
23240192
82613174
704934432
895136481
498618205
456051513
130653991
257505275
865370053
857746611
209411716
285178635
77704578
484397289
556786807
29508425
147333602
829489458
446160308
946096943
174589419
571143367
451413809
858205688
614017166
90336986
522736857
482710002
972312248
754998135
808201444
839347500
182675568
696700257
971388527
897189404
993187591
200765639
273515397
421742306
593549313
180045138
544988632
614318778
860671499
932230309
213700841
559506092
378053058
848713475
258421966
979972717
915855876
74674449
793360186
543757816
536192460
788567860
730326119
159529039
397753699
923454804
957523551
850034685
101488601
798262728
828078345
286585510
342019789
691813795
848776652
279739407
423084404
95849297
745098058
493358422
445494899
248773021
458801908
367444059
128145114
570830987
757708443
727126505
510819874
715488737
346232960
50349594
201357947
290372501
698591601
380896513
777471386
84454031
83398312
897305379
667880431
435240973
867744457
872249170
573350295
869901941
9453536
911838040
713333292
873671233
632078429
513073255
316549874
206514943
583060903
81546726
202576909
450802021
481004674
137563933
891634173
910824898
132312467
487233128
791636615
108825298
458964016
381045645
823603864
498796357
977322659
399158950
850578761
85388868
585487226
44333452
767101800
322263133
988717271
282183910
838787282
752870318
311982889
783005951
398504807
153177870
11590061
964045042
985496353
949904513
844465582
96617768
606943254
200424594
54276949
183237878
618432057
547403340
926936350
352136443
427896926
587728402
240569874
208721202
54689830
560769219
555744849
832053655
813586835
264980584
391264231
127483241
320252930
640219932
874443937
530722662
91492119
69621843
539942477
277065301
356303153
111587055
664404249
106078037
173040264
413998447
982794249
70968655
228330981
830081079
382794781
315626403
563426196
455273189
167666829
164124232
474640267
959418075
93248751
897893288
310787334
227623601
597715730
376041834
689143652
781084893
202049933
763485784
70163940
225877218
920266667
288323334
821438131
143122510
770248035
426599208
165176807
44989690
418852907
688590630
449498915
250334351
332797471
432655405
428554168
360703703
782954843
193026705
262256853
126512480
866701395
329942077
876046434
91495356
82858821
769640044
535967535
338877759
311594387
838802780
854311012
716127321
20462154
351625360
111189736
615574445
548876790
506034536
3047640
634242108
763522439
246886433
878145818
60577815
897988472
968172972
371632779
729564942
347530333
74924028
611140102
251457859
550470991
465154091
421831504
819282183
414152842
20754319
548368200
281055346
486484489
375086975
966235925
504661984
797049172
489154289
58160318
129547944
449677196
239362418
990694526
736418755
80553603
229860305
889518803
646517192
791836502
511297746
489130964
549566985
335853284
363049135
198451721
117157124
523348260
996378262
691875982
524037550
276009332
682348297
908857905
757032793
253137474
425976355
707315996
563281437
652129764
374789772
803338834
941582888
454605357
55850910
282751855
626612729
494508935
428812900
788786690
681558672
411239482
671253170
301492155
127135132
78190496
264850552
88653167
327223705
581716357
645808177
988629279
502643664
42571622
46737436
514163938
520843388
732706421
83506084
460879999
518798957
174858793
333417524
75791105
742095151
719537383
233922335
414337397
587801244
104861054
548395778
889467644
376997326
821140094
311805841
662877792
730165548
495265401
662578654
383522048
183649016
246250056
385173827
190289013
211457068
535657223
959922422
999428593
401481683
152761230
803480878
978583474
659440892
737977668
817414630
44314984
667854861
299284270
901691043
806722540
132747294
882130119
560185379
403308247
471040685
68175191
866150406
769725713
652825326
841409007
755392306
587721546
415139523
146123087
513569325
450877141
759800120
909572944
255410907
229277048
818587756
846605829
7395789
780196283
988700905
916249850
313611930
570883968
576251457
110584022
484740935
945511452
716033275
750052464
988466790
328098840
140744360
562327096
25647362
596899681
456407910
227019358
94905681
821783133
96959701
396294919
91623097
989750009
177970284
308726544
182650174
455886498
236085106
610695943
429816453
827676634
501736347
343486923
135530478
603913083
201073959
404519215
137352184
834027081
265802542
920843739
402089382
793028278
157175376
815603958
790597762
505151829
201030056
571313633
817753029
995534266
423639622
157635966
279177294
614200741
946639738
798085793
245265879
329978759
524973261
566217552
373946627
600909281
714216360
145310662
77395188
140428821
209197270
306639822
733516511
922880187
990291494
871544623
965769953
221324272
442118356
251591923
373799888
754384045
484015475
295302984
782901057
778151423
365982059
860738891
380472221
457515442
490594993
785057267
422089730
893604778
287310611
257307044
746238667
593852966
510997738
190224702
359244248
946309802
701517629
604624686
410317957
471202132
971908576
483910549
666292849
400625303
110069453
727470793
544177702
205275261
279960149
475771796
260141405
341846643
313123005
292651107
102991687
889391972
302365799
867630445
730227859
202898049
580588100
269117580
379518979
446663275
900870189
473436914
107783034
662568109
63151005
771062669
539514127
679423545
365422515
389953175
530886245
703293769
202963445
721623121
573557942
371500713
458827728
760370483
959814727
903228564
915813674
924262514
105828673
641724973
781964580
621048471
524169000
646647778
405123309
996136681
411214047
2140909
12586432
316477245
224967659
509678325
296532639
358199008
894302553
354798662
246219443
422954743
690011672
935340270
954655307
957614582
910094138
591132702
15732498
335432991
935559756
147373700
28188123
307229618
844402667
112225776
855954914
100737678
526467093
627814868
756303223
768843158
155255683
64714390
927866942
992707241
429338283
986217851
808579900
115536814
489848254
867713557
812052481
674785477
682065121
319075330
244763275
92112241
638402791
642290464
513763578
242486983
661753074
540154238
860765614
435030333
403827071
822856852
902834023
833785167
645807839
698294820
650362241
634139293
10962022
12558041
426620040
698042914
718685945
417701613
97462804
490485158
797428469
709381471
105367660
704199104
444507540
135577444
303583852
340079108
204774074
718312542
697567315
792558023
139447790
342229523
695256731
28831237
662590263
440841067
577753311
416502809
750822926
946920648
116277073
133549832
947300650
242627675
786901872
516906692
219043678
208072754
764862532
769146678
250797374
97908008
258929531
253979493
664390571
638340198
380859996
739499641
61925471
395568059
416065193
690048758
860961927
982248555
922757688
295245474
224815616
978742087
824148890
365016321
791247921
203300292
901891140
330630109
541317903
367686578
885692751
815288061
104333691
223070815
464781634
681227661
453511108
791018218
784311011
467696623
90930709
517769117
164324542
719739519
120416759
962553286
333748436
515296522
883854068
149722095
397880865
670660855
28422717
906759805
37796587
199933232
935284909
951769186
241954184
278347646
740575234
374031586
863698081
292498899
57736480
37702908
277566407
72473929
608611948
646512908
835592952
84075720
65296718
790855008
707780024
157423229
144828260
622501747
239307014
960543944
251940135
935719077
652796344
121327350
67370220
326801944
133645590
238065588
530150147
811909686
699303230
327517635
191586479
760257441
245210804
577933526
997861571
401188457
647497159
205378963
181044287
868950826
896020760
18472325
570373390
647980996
57254601
103993472
505722729
896170593
93691738
19404659
811395705
830500782
810605482
930479946
270329412
267678206
928835885
752857717
914856813
888757731
89163844
513106995
468629383
358911401
936029058
916715685
789494159
142435746
460607794
29923698
695385340
498773115
759844139
96321323
764630881
458376819
912031784
302790228
723950328
410558206
412041194
378073599
246133139
135118987
136926526
997296988
740132718
849799473
389496127
641056477
262888367
528125940
351741189
526627727
623292116
74151326
26651762
23760229
399181647
737763953
746832521
450272042
610039883
29904841
311008909
223076050
637737640
991178965
742137713
60691695
619512221
435402036
80599398
328127516
544224659
723069464
293548704
808918091
784117481
210501638
913714803
44455253
945328446
37438683
42845859
26121911
143384809
817273476
633748354
334241690
528038742
793849821
693726778
95551571
259708906
459186208
390932483
767501278
582182159
712929186
134295770
755648279
180714105
589969435
539383224
81203826
182993953
152168803
369221369
207144963
262019970
794011900
3526908
432731995
388905264
161239068
620355949
225431416
846324931
131571817
456037604
185901020
657904606
477002402
226126403
325236629
22507950
221083468
37119188
33830658
782672144
630074870
47095008
567118352
327146507
337116441
24888226
423435556
841764487
701456694
295433985
906681030
543746803
405580419
740481139
40950190
562422516
949247709
584174390
955901260
261836609
248351278
802810238
454691322
333291135
721426478
856201478
186565342
884137445
341675200
237697579
775374007
412256719
141175479
193533331
177170522
784067952
128141224
275418384
151078923
408315161
549785289
741728270
955566262
671959215
933985999
687509519
36761785
44449790
357993700
929376849
204106382
240131895
641922364
386078998
418093715
251700115
962222467
98802089
739987406
531507751
870739964
883308780
849385985
233414056
85291353
141033618
406414122
769278688
669194795
208509335
336378555
744249150
742202032
282307132
49657508
28420309
709035172
850642529
751925193
830775323
67977733
732749603
693936333
886402506
817064950
891606742
870232490
310518912
9586821
366097201
79291945
731856179
541367784
190602417
12561991
55316664
467065132
195305977
634177590
928853986
327379668
563784965
453057386
801369374
480704567
132442912
837559240
873259789
779952293
909168055
631709666
111239588
948486121
269897814
183480048
362267230
86563319
712019133
895214134
66467640
827365068
102489438
357277597
221910216
254050248
120325670
812099018
417957022
605243358
324739496
995732602
470639236
109485816
644999188
574610732
181796432
50473817
624551803
216079179
792059133
493381528
142834907
683742298
210241670
628113739
380076823
251131579
242227582
604023636
516532552
487047069
180729286
432788804
534047879
821923433
373259407
540621095
437151473
820456617
418587275
680925443
791947101
156642722
799245260
421724538
590714108
277399949
850247572
701184853
999753703
455548601
568023326
339546396
367620526
648541492
297092454
676394208
562771627
640245731
720002431
158650666
862063450
818239393
684695217
309031544
9368415
497089436
671213807
790671859
902099840
500942364
604478262
326888331
778011543
912332050
552228798
600687599
598288314
615436361
31338298
234018794
712773931
675737253
876619690
284558748
573968997
623879910
523890966
79273412
759116309
810674500
239322399
35379404
349410859
105419577
652538160
499368544
414863550
669805583
225560100
79975945
48024360
610476390
109147588
794867487
554131332
718953751
133565991
804963395
41423397
322737309
506438452
212223615
813734903
961653151
994454232
771567153
998636377
32314621
556039220
399109792
852608536
521160988
381239767
735337098
905285935
269910763
210454497
615984546
767463976
577415055
600984120
474658294
174126810
538298937
737964610
748917550
801572816
263966791
877955636
818211001
711786908
745624603
69593608
329901756
660182495
918921275
286664604
687073579
83993278
495764187
124396451
96268739
161567644
931894522
36895107
358014146
390609782
573324487
534225262
217745426
490903680
233898989
643929782
893821134
401606925
356797868
677951029
393735699
852935752
313511121
845662970
31316659
498157364
666967338
978599888
296650549
719921966
385885181
588633284
881063541
716427668
821310391
261313439
7952854
452178566
196175447
219342616
176743788
724784748
367333651
180721510
435168299
557837965
235046927
333439019
268194913
915810329
191667356
366614890
312761960
79223984
121654423
968282670
59451889
782931708
459351100
471739105
333863771
462307896
533406687
908565912
880410989
31297338
25315356
252403026
503321888
653825654
681337393
785734218
13345314
115511313
553460954
967033638
873061059
912993511
1646206
538526932
809511753
313194638
507276194
528088623
888173195
572247593
456359147
612406180
845069067
751768907
395808808
279302542
110747321
375279423
495846355
745949093
966162760
394791431
143208745
288137677
122280953
775031816
475264264
345828124
958472070
146416427
450406411
528693559
929037138
77624739
35194896
974654877
141271336
731367818
481851836
502610020
512351720
715267060
129495993
591424219
306580986
894414748
952832206
297100669
848290334
703740039
353241203
173910902
818786784
307036787
871673573
709459282
225563920
158114819
605063964
717140034
104384378
975967593
972739687
457028375
78452597
619768609
938402361
328990925
367585004
458524261
155569345
969294584
719917328
563887890
840103702
130298175
280358361
360960664
530017325
744113813
721376502
376003206
734601140
937182605
693596683
197755908
995643905
933513572
494597037
837646815
142373496
795847293
887208228
742908646
513634042
691841641
890607987
874056320
709887762
695339742
617003029
830221551
704366813
199854287
161060670
387170188
645727708
186142889
463826028
81435832
389004850
703315826
473758571
929476126
466048975
703802988
109702494
907646172
40143962
71773781
707781310
382408860
260268928
52537393
158601944
54775831
714839304
232081927
48910428
923683199
786034421
950438509
181112216
212006054
207122730
569278368
862856269
637836067
859051140
420990028
754374433
177854630
410754190
471488047
813182322
294846205
205965768
451763138
61474477
203956692
955745451
432033103
105860376
11921534
392485429
561946863
367331273
798524418
577295630
150566305
484798091
60775421
21259384
87936084
517861830
268678380
103498246
717817041
170375428
883893686
709364779
78283062
794202558
638592915
468502196
980066945
345737903
247022238
158135977
434136390
849068168
264138656
70062784
892965621
89216629
81095501
74631643
546816402
401179845
721303541
96901820
487543780
173937576
992440181
18268484
689354505
871140240
297405698
335684687
582800336
516643766
638727782
647784382
859543237
704496705
121864314
617222345
663140006
317164507
793931762
670398029
515515546
749297896
185121202
397392553
686035429
233202614
600918606
84522802
645532070
174170382
331015221
447148448
64473371
884860945
648964036
336312106
547059766
537570517
228504083
579619190
560457590
558709691
22743827
908383976
453035628
528974905
804442772
422283226
727317543
622278427
381375403
981822890
916087446
110319652
254409325
558947732
745531089
367055074
724162833
629337546
657542383
551216018
192297324
274025033
340941889
22744014
11509096
58214176
540348065
576760062
870473138
556988816
427149489
575723118
967471918
664474513
125746556
301356024
503264563
49410416
953720393
291759901
378327570
776754466
602639842
112300352
852423202
491204121
238679356
360175293
477790612
543283368
399620485
775092465
146121840
782316274
641449020
646305223
896038557
117923077
642367801
258282347
551393605
870227241
302017597
498309326
634146743
96123051
700799893
592894544
771142780
886554378
350332353
509530368
716922517
221182963
838540151
585002741
599180743
866310007
534377053
58006480
318310260
184458206
251474157
755781198
20869186
965077030
722084853
980948215
133163258
994902144
279460029
755111881
947461524
927497920
881673432
158457893
241872926
758070061
384072041
246343778
105710578
767916900
628088334
86327274
159333221
182944936
264156510
13761350
154045152
74756081
932291669
462512718
769137669
225001976
733890813
533234069
802686624
933656306
690005708
427942173
512642095
899861966
422993490
155019755
464141843
821946968
93921470
860895042
980047564
895095201
218518747
168262494
16862091
444953084
559994476
761966545
166843504
411753896
451864114
169521931
650733292
367891669
810062220
569808660
824392745
698551122
678981437
958598071
75504480
347095357
177685380
17453776
295511352
341293812
363368997
141395417
890242415
827795519
113032318
81991010
472288627
717213238
545554708
844144311
214909217
502921469
544906838
374165676
124783042
928362171
867486529
263137047
467419191
673979546
223406032
647053725
412924123
937323508
487859025
659925237
871090886
184813268
983427037
68360877
694114961
278970474
55057275
204017698
333189162
628989659
497504256
343700272
502493987
743707543
21673932
390563327
350407774
400273211
339874642
772277118
383067726
53101662
108700537
620193608
507648926
883220352
498084172
448839433
761678744
244251082
724710961
935731924
797642922
257114998
348671350
483710532
375293644
400563621
478221490
153546441
333154382
134401269
896432251
299090154
543801629
396666444
832849214
151607927
124001259
288048089
610092649
208941556
630841142
306752888
386658106
885687380
449984408
996826585
875237464
472066571
653143624
454311525
647273571
784512121
626290929
737192020
427845667
732167278
624424461
36761588
806424979
896070590
279029263
467881377
820113374
478505157
435511755
552019776
161987650
856109430
941823140
638732433
238051310
192982033
531303467
600110198
107989496
915435021
698128357
863548356
560311449
279716939
540741162
507583495
812398861
676314820
567556050
353056707
860075050
373985656
11134149
289240543
357056596
678043600
517912852
471111887
891518569
968668521
952179733
353876477
732341518
560856197
58899019
131232818
679794660
698233635
843826920
96217462
917702170
649409010
887052771
462354477
572582199
146894580
826395852
993891390
675407546
940998448
381443719
407665739
207690254
475707840
831360373
288433463
864858154
696081249
397484338
295671828
284287468
749266469
177654992
87076688
753016071
154228126
845280482
990089968
766310126
519436230
140432345
782351142
442141110
832123319
377652316
671260712
816368405
289424386
426295497
215055348
156513972
883436893
194950042
839708191
474067483
411587955
816999841
659260052
494001820
177153899
27780940
749707854
41599221
624448489
792487277
409063609
44742390
346250786
580743040
221936042
319535137
266514261
141074325
916701861
515151700
277461110
386716702
974027509
891708137
647571121
334535669
341229499
802688821
187068719
6477467
268445833
741871608
34834229
473869221
217501504
662168117
943715372
646310857
595541719
856000089
775018744
42367763
868942711
140698187
193816197
144440943
968615710
188287120
605326464
320275760
243954728
773419644
513737053
475667077
550619724
835805694
680135282
690717584
245234115
849887067
900694616
161792921
390612104
697719528
536028183
215375412
558721907
547254128
740072804
815912361
636764210
236680657
13984001
619465282
150082199
510001181
191723068
135807101
218785165
539447620
680054049
582404312
968173366
542113007
941122933
970672206
357393717
538532885
340943035
190772050
281242029
765292936
511482959
161274452
53194562
730439176
457321450
62923388
527760119
349735282
980900034
933808740
419743470
581798581
43583452
130133875
159835814
515326018
807620659
934789245
571843552
631798665
806351947
725276262
734381477
864145435
798930518
144911663
558693040
392551895
929119512
605862728
677354112
635679943
312180671
268326019
618056852
445474802
890433176
579088520
299639244
140311657
894866966
748232065
206886696
558666931
877192967
73558868
133662357
979976233
418229473
605735794
505367396
128411748
758860485
230046511
228825170
822839069
78787832
637264289
772679764
669599012
250100452
446665383
317965680
907563728
34408234
740525162
192362355
39226290
857259512
479641125
557269302
154888963
898659217
144517062
344148980
703829235
116076705
484549160
623602195
586551422
549484393
751721462
818594082
932695301
71241427
684342401
331859233
591346440
55059765
420694594
333685992
376808752
614297844
597956093
366763984
6988056
131852965
794623091
316187828
490038608
217892496
566997654
505915186
966929129
798964011
647132665
942935400
747364453
151684808
640607622
132511201
547663776
260851623
400998002
780085489
792230400
892525547
836118569
757321786
904071501
1854173
655262792
287477059
669222245
742444957
394334880
635500189
444810626
907227940
62955174
226707405
687798371
784626585
733465406
344872854
186677794
707538472
700691197
723192321
95285947
779003219
917324213
649614417
111792514
421369822
474617385
136748257
127026615
745632471
101272817
605510660
990522810
273889029
306532726
238759649
857207277
555452230
315633750
364541981
685922545
305665054
375166828
506429417
350593508
156448271
121493638
572602804
379764318
28364571
803244186
295817368
933517032
736461081
178312839
557621504
506192915
796058768
673594281
583568561
632640258
345365166
298226499
72150390
255103760
578243365
607267238
607949205
394675388
600624232
951617779
689224762
827530065
924927622
590092520
137461133
447731576
429745219
226181946
968216522
502418907
988303445
994029087
774207570
674983642
228988181
106071190
478590013
882994394
689934324
999729989
585270590
810570067
928464029
982016238
786025014
767260468
921888044
261243208
749464864
929698615
581132468
58656017
603720028
549808208
916976541
212325902
766566134
732721336
789772249
944192193
713755529
866908495
134959408
240665057
386508389
898745755
560814422
913434684
325024227
960765329
874872846
301406747
403091591
473488479
809020369
566657420
557841036
805123578
462047164
750771849
570042080
384104776
108602586
346068959
42171861
730342838
195552516
542681252
316902525
588535392
191388217
755301268
810829586
791405242
519312733
996412919
38181348
368014608
21856088
841931572
701339771
625833634
154643496
687992861
397668693
228823438
655930336
566678609
830407497
809874875
269344838
887172590
747347118
557779634
228316385
417915125
868275181
972147439
148980530
870205903
224689243
189166452
374000204
654870142
641570079
398877309
170458593
865491481
880814312
874070356
209568733
801745445
579056687
197134052
393653519
750397327
603129635
158113936
256402932
184701676
626238200
904162702
410875045
533309637
560079473
203015862
194091970
486084538
720455549
658049132
17498671
42728246
638621734
379504324
709085059
223718937
828978656
819806627
921553782
515599012
884916378
898684017
84711544
789797902
172792398
74821145
731650617
909144792
28887481
421225348
11105409
583137298
114711404
779938399
719358337
930039172
728717305
833411662
230705435
756925837
194375218
750977374
108294986
598812752
260768673
248523570
984228460
714418783
329530968
781200386
927257100
922455060
608118112
984168597
588376365
98786792
759098788
723791467
528844346
217867667
820274520
94863420
840634637
553637940
958505092
164692100
42822903
163730193
16176051
211268005
136293840
618385494
48933017
62832567
166613758
978684404
213549716
362384165
365057743
450547739
282594538
688009536
55395229
808204902
804641956
799133808
199014425
439770297
837193665
949692638
330804130
544413452
288559726
299155520
327846234
967965425
557024795
27844647
511570653
501825326
747146735
807209823
569748150
515406325
835887425
776109325
548166483
695810541
196864228
399382353
983568959
972330592
971308220
923677856
558746627
8687553
613828041
621778315
760771227
473391941
171753315
531782061
873815506
859544938
135833330
550876007
409569412
657855858
414557225
513890675
24176232
99906399
703133085
116605445
718558712
604397763
803758651
846647435
928196371
282818208
178515316
946353265
499730148
789089565
213333778
85559044
11039406
177465838
196593189
242473911
272226397
340214022
856144878
914833881
652209193
801368282
978249522
91114260
273096185
369189814
401545966
897678803
232544320
62314579
100666821
619636613
385098530
107663204
944883818
981094999
793983814
377066444
462869829
392436993
552000857
437878435
263353727
534978233
147579800
676868618
844445597
575146415
848999864
442388401
185466851
777663507
432686202
767749381
481870031
698710417
561920099
2681076
674283231
595273868
456703717
976348622
472849811
363888470
850305428
826564589
190601883
587376062
163350196
346744848
640453114
832181885
228053429
934730905
269262404
250080122
155501257
653262094
583522612
203880632
410040487
324412425
866734472
791408092
237676888
818143266
94712344
805532406
698336042
536291302
667804383
119640537
435379582
771687942
905752523
491603388
391449272
152329638
52087169
368437940
831894460
29890141
762346347
456130409
432485293
603450349
292467984
711551255
886092477
465173601
13193341
367501435
224237137
973013370
703321247
657290261
867265061
858224973
236722564
602596180
399802296
980743581
329889237
847550153
23562979
508151423
146521533
225345050
412648270
16356675
508361785
459716090
181586276
758861126
432907504
890517598
471209955
86472327
110725371
151568721
440366761
697683681
399229992
33494233
361090736
828502497
832141816
990585875
719362909
133613701
83320457
34026197
25087067
361699648
293898505
478502251
543579084
224765421
908220805
847351462
367401642
823752310
360167490
568610577
343425880
43495698
81692821
191036464
9488892
452304327
298327867
751299555
724080385
884256469
467282629
463106100
990238402
547544440
657149218
338223969
309917189
953771563
535005783
506187428
657604558
574430591
441342370
816449543
741529260
887871531
524404504
686739888
975669177
193991842
879929001
651951977
955068264
964887120
626518239
138304363
929378268
815753776
884172315
543405548
572411355
143912301
149294894
298826896
338748811
740663603
683256890
343543221
158371141
794192899
837210648
74598328
530090420
857593972
959080802
209883687
252144338
597931174
557643270
459270852
659154446
329811604
106699780
747197581
885914573
524458471
239453085
904599608
10866784
847849523
842523206
448892319
538252361
870791588
433685522
135911585
393594436
335961816
294246927
981696552
487350197
210452334
243478781
111077611
928643300
534368949
196144837
980285340
769768600
237542647
601713360
519728893
988883050
629434929
808517054
696942149
92564575
588610630
68061354
53024998
186992621
375700209
268218344
473129380
815066900
245246217
663617537
776607327
572801380
970793674
762020871
521012819
454918025
790541683
628741817
756839723
80582192
603629348
333062011
103266401
810415835
243233858
446872113
542550652
333307844
163717402
757450566
633319202
251014813
349266213
175113762
230978078
512699746
532500004
747233111
436290720
53298938
852715065
965809997
127345978
756073302
305182932
142261908
581055302
400193062
124256727
295039833
559423874
322896909
632244548
294731361
440033067
103563997
531420038
371148137
408259977
514521106
517165918
930865569
647530945
709074261
913501819
235488592
282741962
341438828
590434439
213820439
207106075
650106441
58107276
109009186
140407855
202920861
917618657
412966667
281480397
21050203
103224659
510728618
234807100
712524163
287526411
523325752
514207692
644376538
215034602
911187955
893812804
516539315
604530191
703319722
796609128
588298314
336594212
823444164
402026582
602020995
188288487
690719084
386831967
960328511
357864490
619158183
396020287
58557335
716194673
773404016
988365055
254206853
124976529
613310633
209202012
841981307
13830668
14305579
186875783
703920466
650007527
371806220
697237773
57432990
177829645
729703973
94388101
692364626
376133435
196803950
60613763
48400192
259566310
605875046
406992958
38430987
135551372
93387101
625605080
397465625
115890277
831173882
761841244
641269517
873913251
322195715
299058039
553409614
175452461
684037985
487175426
183854081
872397015
25234537
237822653
364356660
949056020
139077494
440375567
414285709
801220166
184759499
160346318
374442202
971286152
610707535
666591766
214295448
708216667
530378515
620849307
173132393
630294516
43016526
349697107
101603312
646909391
61462033
841374630
344032958
627698485
43523366
71781718
345907114
379664853
952283305
179126217
606415338
519296156
846775084
328393097
148754447
914520810
179816320
511801998
649168844
705729488
97810886
743171452
812133595
284133332
275720259
391119093
231538191
98863508
112338999
130477918
703993312
782181879
538295765
212865454
369414422
366002380
709514241
88241197
995649091
723716060
875212961
579627847
575670594
549940770
197667245
696233493
794393247
43597199
295894169
148468265
615836212
736469337
341367855
914627651
652701620
367866119
163914399
226346321
304762400
229958393
386867578
697746704
24441162
633074843
930745757
251026441
830115055
205054969
855186544
812990355
696547803
155324999
887024361
567080261
750644956
510160326
404378652
284198697
994852116
787389504
264884924
764255985
385419508
467764590
17388529
142102048
396783668
11203537
630691188
308206230
469907646
950793375
69821869
179809690
941983879
74911451
746432888
45199937
491828214
445463162
823905948
624398313
873224239
111886453
319144980
57561669
815365009
725847849
825703450
181244142
54031503
336905577
96022369
817861920
545016328
944215480
357270391
987689149
360144773
308875791
503250293
914864872
305153109
356355284
828923772
373346179
162396804
677990121
718108567
761968715
834878624
842213269
537722163
83913216
751615249
590295752
960173043
769304093
700202305
799113048
370707780
554530581
41212140
724189596
313771476
177580265
234543192
930172315
406188383
309930675
537708477
981491931
214022109
214607200
980306915
411076183
402677883
516112306
668634214
86202963
709498221
906499669
409984695
908478810
377442470
715167939
622120937
976386371
998223060
211808637
49902142
863338523
1288021
226343968
616737121
80508813
464228061
273924959
385451100
289980263
833073865
602201351
421546293
563254740
83507981
158767288
130810948
677418963
459941269
233434523
737655193
12815458
542791330
808832807
665904745
296204675
257124138
855575482
120241352
959863555
239476210
870627531
85853912
787502653
795894978
498300818
996046707
652567494
368110656
848326219
50926731
660545788
568224307
360752080
675816180
189630894
340978216
840903732
87367166
338872065
472592589
671618056
622238929
546157903
22277055
769555281
440945405
801367224
180996838
669551390
145967418
158838017
412699833
574070620
107049091
420449846
735288597
238745690
981194058
372352128
717663631
651942837
235031976
179089425
887225745
249342763
918759908
682638846
613943685
284942235
35700125
385070039
660454605
651120124
519126285
361243443
553804686
611186906
894393236
158818237
510259285
139553701
923537247
516016022
495973707
358119248
364948965
360075646
208236472
721283667
547585480
811841199
698278145
326187931
741734601
315119755
29610234
872443559
401259215
24278152
74116341
531832589
156213982
207229281
714517679
471988657
853185973
289206176
278066744
138341884
76498674
126790841
248771772
884935182
869153443
19594011
455033311
72159851
928657588
165734092
926141794
128172364
385622039
332370255
922179349
734002391
563555630
731337863
394104560
292253779
682727568
456710101
628554404
297829383
921091510
392459929
545797652
673895498
68330354
634482834
350393066
705194535
314127318
480307499
259172774
861171832
293137849
941069011
438148165
231938473
932512561
332440572
301113463
992314874
29328637
951740265
754442454
953824741
685100102
428616620
309235077
273557843
182806285
898038717
767156481
792111735
802976352
515482668
766461755
543662574
883060503
898868944
181525128
23208320
883574455
707941528
645221509
21262685
452957387
176441312
522585378
149055454
753594705
901881025
106779657
622497239
239064944
586698265
573631563
112245109
586090974
319797030
450241817
563481009
860503417
322803257
418978514
617794004
882953069
388078730
832254954
169658384
49169474
398021423
552584394
131346877
64063365
213649502
84855682
380320044
521903429
459614460
304555186
126000122
356442947
692282050
77801402
893970368
825877510
376568392
114782199
584701152
478435511
764885549
786365651
134339995
253379332
274904726
724461715
175258365
634100232
264390122
821601355
981953850
875351513
31393756
210789526
36604748
958865962
541440697
331456708
138289188
857299577
165794482
883076978
566271026
849687129
986025091
211376074
456005883
413812881
98051537
353843198
705614748
567224157
829078963
217171599
90826813
810032568
889652193
527333394
662955577
670998491
911478510
240642102
897423671
222716843
51136289
44747277
254003662
112869054
7438078
99410865
197383302
805900420
364121554
891152477
51518596
393906020
980566824
704616065
379081546
267316871
418326568
642854921
499667045
989426536
199942513
998597614
689436082
489185843
235149444
636813507
939030790
157511122
334302488
576975299
534728861
554303247
402943192
722071749
446389218
570248164
741778561
778666929
299766217
465044215
376685727
37947359
548546597
35566608
445007144
148451323
462604886
646911850
621888558
384613553
917943244
987976971
916871942
560685867
808584544
258488600
718802557
421824244
689552993
741892930
175853336
43925300
969584478
91944444
225047770
611757691
231456567
425787716
139980948
907335570
560146259
379763466
184462809
856427794
69498804
239389676
408327706
960676198
523595503
63865532
562065805
704471461
313693062
769076710
748835363
13812882
774633884
801452218
555036204
381942549
189097658
576969168
323474036
99620266
984834022
184236833
17279017
526157884
605414265
85321023
71266802
711174156
975685506
25488974
951578115
715233713
96552922
316953799
105337153
723884451
763801513
942670519
738287371
835955054
374987032
125352654
401480605
227660034
997637304
695317415
594616071
149519158
758047389
784774819
239329962
973321878
240816073
866277988
33595406
279347098
498075749
809163387
417422979
970962775
640662522
452393015
27531805
499434905
583587016
711149763
510005098
748325440
444427115
377108985
613022544
24020635
708254536
284542782
723503770
927524363
552775613
907522389
36592520
856588795
16985423
746151128
949908238
62894483
909120380
992986610
99940308
321485525
830805512
106671633
524461233
749189897
5613720
457523910
789721065
246764364
386035240
430638675
755833266
229041503
933145767
325977804
832789752
755903016
728192579
463030762
313546257
666298844
562983815
783369454
67640207
499649583
636674500
200574584
499537185
214523844
572272045
575168497
837235948
788619041
704200814
886012410
708091165
835996223
166661774
648421342
812996226
244142294
937353091
721972230
36951064
865807377
813085689
665157562
758056799
242661134
896891566
791586556
86638993
117200214
117277312
967321082
222887480
147227500
126784790
881510978
579416876
802765688
737326712
226430117
504557493
699808297
802979300
565426428
73624556
535662822
683270644
924177916
621355396
837963784
625103940
457397897
226137139
977981015
595408920
401114870
945048704
497722714
862836484
745520638
538903429
92006370
787108540
152261909
198881011
858273188
718956648
830305240
107583771
626013062
634470824
365529777
103069738
841964570
910766216
527032052
735675996
973692969
22698760
765119552
917090588
778064375
440269723
193987669
924065425
401461922
76387750
559105088
67708228
764397081
548079865
268953836
401629161
460469196
296042664
198410025
949146120
465304456
639172427
669082142
339753729
811758371
93033083
725219639
183621362
782028251
984645299
160258201
695682386
3418254
399725741
375843903
328419745
755460885
974680761
9947213
546415752
758306171
777444492
169543442
505377695
618655312
28174978
564638912
530553878
486940080
291823774
177588713
902700501
414789024
577341594
303629387
362932325
477135748
886421451
475433688
934110671
746747835
406729805
555334284
761066226
622606271
596159172
210415915
233624330
385584492
378409131
782121934
712097101
681877531
232690851
185869491
8333817
765862384
492147904
958458515
710437632
121519438
294705914
100153296
821522981
928871156
65951471
505266435
220210916
829692185
654071382
683672484
68976430
261883084
60024824
80363257
226005009
41977797
937932674
566114351
604815411
681927239
709914312
131334758
627966248
601746642
194542051
574487663
943715495
74841255
188382947
203027017
598907614
536427205
821794625
708763660
70847699
756728481
446760535
518804654
55399242
563387205
937960509
196833901
839517131
746968638
509189603
714595557
182946389
640799541
179504595
535294777
648214259
694379702
220441227
312344829
690090323
411059957
953166117
195909100
946378725
815763445
743475188
634104768
159890480
402783393
109236911
40487274
235106255
825710397
26126696
561611383
203040990
153729055
793703498
574341593
793687028
211384429
16888464
208125156
796068953
42626155
462040970
796253636
527218714
781668766
763667508
806722960
669522886
382228025
752142724
335122109
840214010
573351467
783439116
744229372
233923977
510410086
566828200
23473601
311548323
697865610
867293680
891141238
217490289
141039644
272564095
462183912
605692982
352154042
952744725
95527053
107051673
140046279
778762225
667089465
102004523
250261371
830388910
712693167
72989221
689538334
400251969
215613835
789779675
455957782
61189504
225333490
638553600
920281125
790462226
149052457
906132186
297853983
208291006
429078875
971991942
948330724
985977124
148783045
85685060
390991663
703583702
102683722
238128535
86772232
911661396
870648420
195696788
817556152
769266715
268200940
450843990
834776536
409126287
631984628
73128253
570930451
939798068
849575386
16365448
400069378
641930398
981286208
111275379
954947432
914068021
170555038
982058968
72803445
629067504
184381995
673272102
381867502
813797399
512877063
296971042
545979213
633497088
802210672
797604810
434771492
826925954
753134819
31148966
261793237
383023002
869096450
239559397
931283950
28580365
512231961
796477111
864265068
833387313
267102914
489357331
922635399
173713409
379998568
212798349
603382715
723468352
972751134
29585700
60330693
113486288
895548820
897672506
140598661
761409161
434751582
813179073
15385781
308255577
329185843
778760859
455813991
623351506
982164585
162926874
984103166
197664193
664651178
172675998
749807968
611941400
815243465
571192018
786135210
663394148
834334820
924116107
191620511
77930362
481177633
410693811
276576871
522142044
543219504
643870962
423879910
160888954
97865065
496901983
408136261
611902083
222841908
988511587
12883356
321341040
318944325
853626430
625396478
445001731
985974738
721665638
510818909
777879204
916674963
396318919
401123444
262768574
273443474
439694326
373604026
52576921
229015508
380794627
498921695
221182280
72757905
124104022
600637643
180292915
865392896
692838372
219120028
427432046
662840126
187404319
587107319
394275103
985623653
609523980
34806694
414488253
357119512
601168026
951496466
121663102
888633199
425907785
789424845
614521521
776099406
490389365
912420274
36354849
394665895
439278765
181994655
513789454
398677553
590185464
767034983
101288230
944423376
562928530
664233172
192929121
446528714
810985110
970113839
305596475
309413765
828663244
77269073
262905141
602564958
26706995
720631739
94218052
708082148
365610424
368977369
41873508
882002398
631549617
978070507
936380453
507386077
729348987
472064141
844230284
174524203
244905871
420979010
703803094
481298246
153901991
862591971
708322692
174705508
135306757
147742889
840179785
597440173
433530076
749058337
285572792
946876170
816379722
88893064
396539611
339145230
425772160
933604909
981902296
368199978
753841829
932078989
188345189
987544501
811330916
648279304
751010398
671567462
804402350
869086396
785473615
581144213
956058073
834857091
229644912
928403592
926034736
315450455
432559468
243808141
361346984
359539883
23710941
362337237
106061989
312935259
22744010
675788425
754575662
431132408
690546612
482038509
202968204
704168995
638004958
790134224
565237485
816159312
692649039
276868070
57206901
24142938
414768225
292280967
519791491
622410513
505097720
554523458
876767788
395781496
59702955
989451704
148237206
427193457
320728312
80381431
292504175
387690001
753271787
72799001
362233809
780256305
370878654
901191735
118733198
384982180
599562137
653575040
917596439
255158196
583403881
540608000
372851452
474719398
882833434
457780753
246557720
419493764
319426719
151392665
796402759
564835774
94004770
477426681
952083018
972613820
468355380
461352522
426373490
644484034
83866510
385146365
127236556
399327398
169049665
895109309
391759493
324766803
982184977
722633083
513780026
665072655
321359148
934729032
941203979
529293496
163559719
966319676
226294445
662626234
59497060
221679238
974448442
987280141
613035219
11601080
371395935
126468323
815356161
917453204
271110205
980202347
680940976
599213809
296917544
949653509
698973584
19708705
994760367
49976854
392260737
45005832
592852586
660304678
944379989
514695981
737211971
70977300
996445394
640073042
803373909
223105967
45373341
319571694
454272635
20946980
537388481
204722017
735300758
171056450
989786564
114533493
423787581
270666896
251958106
973816918
640636584
805681046
124551858
471419163
57248472
32739304
584579732
740310532
399597443
524703395
868692448
135534072
1895572
870865799
657282652
575227171
488608027
726962594
253402015
154475555
903644401
446828228
891335785
253073082
264999651
259833687
29884416
180279316
445524057
50517000
471553578
676514554
971389254
616329011
558253394
231244054
928883561
832596835
488204666
155266281
953659963
110282717
113954090
296214519
444578869
388635251
499500972
432216910
468617674
413257470
324384704
378644813
592771925
902445483
932984174
891098053
470535400
314576565
330968155
239619203
778081109
41817236
417507883
596421464
523587609
896410586
847423365
227006235
381357682
483787913
148328866
7473231
275955976
229403709
452395509
242275779
727981625
416519704
373580489
107253960
624060540
927354377
135888105
992744392
140868651
263782614
346059509
64097269
993170130
530733253
454387637
338389812
358466959
433737949
560908527
873201043
3414178
188422288
77989633
132316761
330083623
365257923
976188559
68852824
167568217
253572212
503089336
49211759
92087776
719552872
848732440
673462196
596307615
267551090
248848893
610535380
812738687
85265384
860451928
239030059
782708021
435913692
549994467
110860946
311407565
231596311
835534815
143115659
926781120
242801185
236472051
412347499
784344109
595103570
395849521
585846207
229879122
80436655
282810454
341412418
554180778
388352668
893589850
115755001
289344535
862380267
693383251
167430486
858272369
463222156
755378452
818192149
65362614
620385093
942057673
68829539
278181187
246382952
697361414
69283296
852254931
23529789
57634721
14185027
302277431
814627824
444711492
106463705
641163970
975787262
789640265
829762789
83774053
740450063
403854454
228695161
401676847
484956920
312239625
311454589
785853876
895561014
861362409
369423901
269341659
278656048
667056848
560049680
247547353
501454859
12493488
567313182
516874780
708163177
9700601
964903578
917774728
122705287
13011158
340721139
546826436
321991996
828784707
294256027
25199237
149435094
175061486
671223752
189122134
55019374
226646767
322080650
895155439
319697348
291793582
812478014
872119357
659315525
353733272
210337500
665437993
441173169
720434145
664831142
761311154
849569471
847372078
254649498
297073157
465520151
339790991
982123300
907754878
518018783
497007797
486466308
9445054
548516249
920568772
395544429
182802182
412887894
203661010
382473055
533310632
36348616
680003741
302228272
82708036
181691025
733944278
19700223
338515610
867502203
91857891
552360177
528285417
426268610
877665751
485894618
316123787
138394315
145593503
833069991
557948535
389920713
349466973
766754766
970909796
715205723
895625700
516045903
990262462
978554109
988480787
740124072
201626937
361428524
536592803
115422695
126264063
536114085
299111939
73223164
741688794
119737652
82176281
453417669
685523344
36508647
414942103
307984368
378067982
864010043
538922167
976477745
538531112
498752590
727935141
548694376
756224950
481886084
928464727
433464995
472301861
879306704
176356492
604494893
526642977
48367741
414445182
59256980
676597798
176029810
378740045
411994642
749488029
463142156
460667411
646451964
850370172
737132130
270559766
41108404
346050578
541467422
601647113
121382706
265798259
802899138
46495106
556837519
970989201
212489674
193352526
824424518
660853629
152874070
887466604
239349159
297202476
844711993
661984905
191823844
83981203
186427997
469904218
915977960
934779639
189569345
429166728
753584163
814000073
610977606
321514127
290543366
188556845
158821345
240272038
899637208
765836275
602223333
163193812
676394500
502650280
519318504
139100953
992633770
513061852
701301855
904975429
188433801
842152117
545152960
333422764
134051386
735692909
999242510
939662090
614241760
593649071
606845084
421724796
164663173
735197322
604126167
499968879
12889921
729512949
452759226
28709734
196843290
116057018
203927474
348164408
317495665
164606065
453155768
886146625
316648688
951286790
436796062
516899436
627294802
736679077
711483527
689670942
166981560
981745134
730981031
135763650
705799626
656981747
557154360
85808906
270793043
98120877
13782671
752399442
41564858
124736935
349360866
112884223
855575321
44068063
132450252
186595251
840696646
333421878
450579164
766635407
275958907
371589414
697921690
264547958
879061211
85132620
400439513
669644285
788494087
920123922
984327227
175845840
511748190
478961308
370419366
489663416
479289495
887564883
937659763
219112444
483460943
534634648
975842742
139696218
585092631
390080163
35538221
934799635
851466099
770685142
759831085
180770928
781052453
380645226
876335978
102677016
786357639
966257848
250871755
380045391
270353470
291867029
430844045
587549116
108817129
902376274
898400328
550793592
250533090
300724221
424201183
388313744
680638710
589190399
32944486
876733615
232882502
81725188
465518182
340926220
395873575
432412482
260946781
324249322
559497495
716540103
231039877
656024514
399660522
876490424
326605130
143646160
893504140
261068035
720115406
250933969
937395373
842698535
59563743
364677552
289094821
302529090
59117391
790916433
41507843
211759182
666907982
348642106
273851881
481041733
912195006
656238246
462357298
149180249
320007320
590202629
654509328
965825141
867957598
218556406
778329936
410233935
665897631
176778661
8339364
824325807
547685973
719387215
819766525
724321318
163839202
827707481
796592676
999204863
848930202
543844333
38643738
329969771
249835422
571034019
664914324
501863406
565109449
609577758
549572890
233179413
265294215
368848588
948844732
735603919
416062721
742941647
855806033
579014837
643899952
899270527
200811697
978347202
947021600
205762686
777244386
262747691
829919032
185025377
836513871
381477138
223528866
831009247
558936459
431478293
124980271
932166991
833087594
743969048
404661072
636496417
970825282
184447685
296469695
506204968
473976830
136418550
332721547
209131610
794977906
979516662
895065068
165928753
615113208
480172274
483709436
724121742
283472356
343291806
162216351
464917029
258362860
770866239
294326169
444060752
978819140
834273673
722427277
476828311
574809062
253465283
344796384
476285618
565694090
46822057
822002532
135152154
660010219
679203093
20744420
885753564
934849058
413465039
571541456
385722220
576507365
564528709
581257126
979565162
281654651
132096960
657596144
419325627
787679316
129935798
608811032
290511997
558062749
221503959
172397245
143365309
631503114
365160852
60613679
162773805
993781832
762698937
392737384
99347130
19002110
202155000
535775244
690138083
117557451
893010230
490023974
735916055
26499778
671726421
358140168
164834998
714743294
675282280
904980513
217192853
772605870
706334281
921024498
996746601
148571112
377043692
986349866
330635039
608032125
465640546
818005886
990638800
592479342
907063165
246807819
903149699
997051566
906770144
63547573
306590779
112097966
44261459
820406860
333819280
302986956
222841750
76055217
617007551
28822620
982253185
673127823
165711040
157360845
463944717
310447025
552314864
443203991
896687493
679507735
774802144
916581468
151683713
472745300
340549049
305918002
524345575
733815688
950903924
285948623
728562903
419332958
283410099
894589542
476636931
417045937
51422783
722032938
87733551
981693510
993208806
99314819
971645267
142569691
301853628
260396752
38418071
417833953
744179213
958030190
513034984
62208713
93885421
524751837
488318712
590473916
755371826
738496276
190182607
174480823
143993167
734229790
234262268
163652774
583587027
441417744
290022657
258211778
70540279
810155311
210904252
487502811
961122996
644774194
519039975
837758321
991871055
688748872
655999997
780072711
707901757
773493901
776463136
506756923
285623574
267123567
616578865
492192664
636908193
814875036
393407297
255831589
841841690
691311977
446349367
68021910
504932829
922126357
550682485
207142560
63347248
941906020
311445074
796998491
462965423
863925037
787506244
872221117
943775801
955587878
463557865
985368234
129149977
841674465
608452104
213714964
689154364
87482573
790037436
456676584
468613938
218201198
558850235
469721954
744608109
480085757
636744941
241453491
540031278
317987878
52578259
472400485
259487616
66294246
66874146
589261018
166555744
687398817
59272392
892439999
204034899
252759337
819692482
125954631
671157823
712464218
571834989
501953630
294630594
959783634
429931957
329860797
712559373
181484300
863290600
354552295
676326054
984920875
688029623
59875529
641517754
441761382
330429997
436241826
122425819
354885067
847206985
940397243
8169324
598398659
85511091
568240329
909666607
857548807
53679066
508795794
163976791
883066466
404878980
989038549
934414294
235530556
327622187
678641210
255195938
328931686
244158076
438627023
789096920
265516861
957663931
380690880
342440529
953697676
20649669
729186981
236123904
437191112
104054814
15876812
444657508
220468340
160212105
609127371
721986728
349118197
197386515
702720305
945249489
697168884
396650101
812388278
479778312
31155346
296687557
286458142
523851340
791828188
712126033
217975164
568601347
92528592
83355131
822374129
579801198
431400416
144943876
400743998
335571918
837846252
276432060
529557491
38898275
718861985
426290134
507158834
148144367
814005711
866121170
505285741
174213956
199040785
514736923
835541120
4435061
581094701
181219634
338413921
845430227
57489314
613354795
129547799
252252641
841093404
138586369
650269385
320141378
473377847
746663078
634891904
777805999
519826711
534033887
875241843
634339893
987388525
184325304
652340005
98789951
457554810
777503036
276434581
133945090
676565947
994729693
337374235
356294121
340827374
817754051
560610981
301669490
982142076
420188600
862551313
3209798
73219713
599102246
648254770
552861892
353440119
183098894
897596242
759202754
723481157
442328982
924912502
765748033
139269665
971783309
346314498
72631593
906622468
935139220
711808568
365689883
232309443
768143716
652704102
378996190
431889045
786696238
986508370
951588237
633334798
627685054
133489951
416820342
308050567
840652363
942624070
619876040
213671417
274461272
247714597
348406199
370012394
922858541
958210533
75121834
836788950
468402179
225762565
159080407
819189118
111699804
730639106
133817301
202066410
623814811
199478300
874866361
66091815
342984688
205593524
465502547
643572568
85162305
668485525
994191717
939089529
619096915
615671201
551160646
973437389
534373033
171698197
417496060
304818053
438985495
717251051
793309915
638228527
239123266
988866669
324392326
845918744
986693690
648958375
801845910
272737072
204273092
830278578
736660842
875468702
268178840
146143518
271345650
508105480
535355166
969754602
207493907
138897822
435403574
164605302
23629758
27139930
454622262
646477213
293972946
879763847
763245619
212083439
398179495
479212864
981861918
501468813
532867034
255780462
151396893
195078229
641609643
980545882
574972082
111345202
177628501
531043077
361533406
876949330
486850442
887192692
831493048
87015273
710271781
402968675
201791818
268503604
65360032
67153032
874971203
707767271
467289492
241251517
879568110
178519405
778070721
377402743
242493006
12882635
766855650
93807777
308714750
576523715
269648354
425249042
225819482
199670023
226959987
105139710
273733621
70912391
643769967
575784780
157830654
893931859
424264682
261047830
757699023
973963319
100476396
164686667
252422170
992623524
389318828
718849008
377398049
944531300
9449368
16175998
287271358
147018818
846279458
77779112
978321951
264141314
51850975
294404840
824360501
470692740
210257382
391248428
341955371
97425781
62671522
653910514
26363691
83006454
373329002
324295860
760778734
964406374
417703770
92520963
306834203
40677031
458753672
72064742
399394389
728148032
313644616
756279598
862086336
7182805
972613892
218654917
690307692
676592783
934110534
572349402
955424016
116715288
341452433
919357577
295128037
970316736
503326368
637860085
989389364
20150982
779403210
238170080
211881655
956999866
906778832
215190409
554101093
121696337
907114639
590186467
766841488
67556894
580376281
439577802
539016271
477233495
420593101
363452850
3972284
30749292
772785434
408813521
403822714
659172707
516307057
358527607
558181392
389636688
138004560
199774073
705619805
891840218
259715743
84609885
59084141
368823942
237644197
206463948
252167187
168317867
191006989
338517747
159796077
513728059
977187756
803404553
343617094
760590352
979236893
915498182
574275682
236328791
934437799
167455824
846842728
498247920
914758885
797737284
331449240
987395693
861047696
364286489
672116645
133208944
342840300
667265349
8899518
870699039
432664625
580223182
8469360
854830256
260702348
306561480
534109704
942608521
198398820
672325117
459700126
480519456
432136859
712908525
396174429
495206707
163492218
964174360
936979050
78312921
957239793
592876133
708905973
804282221
941399353
312255270
14663344
855339086
518007547
227642698
944656345
843122488
166345842
320261948
636035148
238160985
846659043
836401042
579120411
668272422
96855868
985610257
957961610
770675974
751244944
814298873
353702341
938786480
213284334
608047454
924434359
596639815
113552350
340587734
556151911
541323090
272800531
640855707
868534129
919622791
581084853
433199236
621025286
573638095
294843265
448976993
566335480
557082448
538077744
402023788
894666760
795241258
300005453
727478503
145157474
289834253
323179626
400380248
512440530
556551287
816761639
41684968
670109298
925940325
412071459
546828694
336319798
885441405
141652218
864263611
604093994
401191753
6330152
475673417
675620879
192414262
542046153
969462675
949733109
592880040
754554798
53138975
114510225
395776435
77287212
560872029
316689550
992441715
222175080
441214847
713814378
974610772
200785603
60246328
683217524
145940424
948073054
43065559
525548285
513687184
562343264
770030337
438269378
925529782
872494233
178001318
71987845
871208518
847896265
278790365
113184135
135170308
939514805
530180342
748834641
171385738
641031440
758694752
310366802
442726989
678986845
613831938
312680577
688093210
478765705
170881498
572506364
873971304
238952961
213051718
807459965
136494499
856723045
702266280
887514968
815354603
217497009
388563512
789178301
976081979
276879694
219916310
941232789
337293388
594485755
798533035
449301026
140943789
637742013
706854107
981070363
716296198
779726146
757115844
602660711
62278452
802657691
899518703
412514348
970600780
403064095
436440660
735324466
36184268
312356059
387788457
348734168
748686260
723715976
62141315
522695553
140021501
538003050
158985943
696005507
170948095
654744894
491227523
531539803
377120883
470548051
361807558
443106902
334351323
851188420
136786898
943424848
232348234
975087918
661271415
435239248
246981615
565626301
681044318
633568733
891589738
35028187
502245011
34393200
559863363
84162884
895422417
583060681
550114763
341020722
5428815
219923466
23005480
395709541
526725199
24052723
969207200
308611658
203684251
479512708
433879378
222337090
942145183
303167821
695771525
560346472
826336753
25948195
925874841
338966722
991579043
686587338
739800864
274290884
168455859
44718486
284035694
417831439
269694405
981060551
328764863
192823186
788147104
836621708
47703455
717687487
618393469
217451803
354137487
731427930
612473849
615037085
324235238
270779060
953434336
856816874
605374397
332786431
964006215
807209912
958743383
137413332
289282362
915505491
25971603
841632938
58155916
636970385
614603575
266478358
844655124
990858024
549845779
363874806
977815806
639159351
460453076
977185362
242582172
351334494
16188865
136233580
13012713
958614085
239239547
77792152
927837153
187617769
894745221
641587181
366398981
365993628
831871301
658724299
533032988
977870336
881157917
85606654
68853277
222142763
209789011
901778240
273612422
908215467
422772960
23192271
200236861
364019441
347454532
305960253
836164066
502001826
883476099
270414836
802423903
610143974
825511222
957030527
162865853
822592861
651759736
46068618
522977900
436196618
43228421
887131081
191494536
88592347
229000570
804918651
232315770
372420519
76432224
943269291
442802711
492175469
609483306
713684585
546891660
238200231
910254053
127481762
305128207
813522312
707522985
50518727
353251493
107820132
920177583
777656618
433293047
361959467
87750578
499405527
952891380
959971038
744786478
9561096
424330332
703576538
369541809
774151303
575481552
440879248
777492109
408733328
502255704
337891200
901968526
34534992
884286618
341049866
206950778
66555332
841380912
583163909
564330876
465801817
27178246
495969763
247255387
121076727
3152131
921962559
927993659
823785116
96915121
565214412
846224732
130126095
732785354
931333085
771163718
115164567
959537510
254663109
657832661
799711958
465035094
481914675
800917405
339031894
241030994
237373941
148292696
978937998
479845248
82724333
782255781
652335247
861252239
429019660
624168239
395996011
571730572
173846041
390434076
974379325
239294911
206570826
8710247
307315619
56553008
67463626
472913456
695562508
620571021
204271455
17058440
627655633
192211129
294891480
393833367
933177952
756862686
899181065
256063518
383105972
775272485
454711627
867185352
920622843
616155227
173902858
105298597
6802504
709555318
585240832
270660374
560257136
700606197
584421131
871241912
123683905
770570353
223814004
838710628
262084371
455550619
249082165
478850294
138250358
729899581
5670533
832761136
459462845
824966539
878372546
552665976
978223796
859288606
767906213
797581464
28115753
366779305
642836542
479726511
619535331
608559065
78151914
565190129
22673427
715928814
551186981
567530697
337934743
248017589
293484369
919416854
304602368
719620722
578805479
261445814
378963241
511011740
156487808
443621953
912268799
990197482
975355398
140779281
637064907
732296356
590911250
998553472
553396652
790105548
326287419
155883631
67726142
175624951
240746556
802971035
449648129
435793099
497931931
363639026
215997294
232540648
978813648
583086580
23337140
56410648
213099429
757714543
25642060
253614607
866778293
835943409
271026834
513908181
277730567
248278746
989275989
724275156
88138019
672077387
489728627
413193327
18271575
395695062
134164334
278763362
23968007
437814126
944438270
955627609
50204740
246781042
396375510
553785145
436635231
294644440
3424393
560755570
301197181
263850410
828478202
255289367
271004261
101960780
472121015
616431093
600584740
280837802
177300438
773504302
354373576
828139994
599116841
85504928
265218906
942056522
728880747
680259142
312201164
909401057
367974798
558182199
48789857
48426385
763809583
192472047
107917585
632452835
90683979
337803713
400710708
230435858
670223433
536530304
120020618
69451505
269285006
943842712
362478725
859469435
913204216
837184470
88118410
781155943
383244546
264930398
870347699
129489207
154225403
407958535
240890500
683433699
475106449
142893721
701113238
235416083
267784857
127735097
974607868
102218238
280825510
15444215
397665663
396754811
808980229
646471358
251518546
931176888
11569797
781625295
926872153
544222345
987607282
435870666
687552659
288637049
443385578
878453095
623974266
271965801
535024086
433014950
645546325
667033903
406172801
608855506
558387022
989528827
286630016
22190907
682584083
283028237
313213591
934195981
501518348
753480174
260274157
219876217
708609526
328272268
583605337
168288564
552912541
589822465
397436910
937740057
599324180
827995749
205847567
636495911
591883912
272882415
844931098
846901319
948508319
464998206
200681100
196796772
31379175
73168817
84266401
144654085
730462828
726443703
472855692
193584459
506795294
473333205
17193446
32654838
866047577
335993188
436009550
21048097
768708571
652343148
751151167
266170653
275005032
715511802
196502873
35825412
408299007
411163088
243524819
260917013
602051730
863270526
847716047
13447668
129183885
591957180
628364937
328860288
750292561
31625715
987062905
172314542
93040320
547198897
701537352
137023622
857030005
11378774
35727059
995892276
426981268
86742340
617283855
825782425
797139689
670985331
453417108
404510608
663673539
320268558
315309168
707193583
665053915
141738705
619181581
959906220
452552680
183664462
849853339
170845793
321533092
301672927
484068711
294357861
268851410
742129020
575202208
997590410
398914698
356625051
472956123
253090445
265706572
322270030
813253263
172524675
629305849
641613821
536471581
784736182
175040979
578642927
445559723
818255611
209996732
279988943
972421435
741554546
138555988
644940627
595820454
640298773
388083784
399067809
135676321
207133334
251559085
191228181
328367702
622436524
158052200
262308948
997623772
627048311
585314499
563655532
948250997
335314048
74372044
81722891
363882489
950145007
205639556
662362766
420703861
496618029
474345150
460191240
811525589
766130273
992049092
33150202
124540407
232627021
76237029
633469221
443104637
419877102
42461399
88694527
432654683
913144097
976084070
27199528
809936940
167431375
441981887
336821096
224723378
100211335
481328661
245692029
879096091
28331512
682157691
876407845
504485109
993269488
960886049
557802968
69677853
835065793
523366698
231402599
208127271
223260707
547341212
548190535
570437257
586674700
857663567
8788130
919658866
414290340
4270409
660728902
668885157
830647131
986471858
573137820
791358140
422661847
361612038
772074293
21102929
250331771
666407443
862552351
819748830
697952295
264821218
30009263
14636322
597555119
441749403
832345745
204966539
23801101
314194184
622226593
801994762
744898696
522963559
201204807
85269886
778200299
144149399
788748496
395214629
5396015
678873906
944797304
707652624
787698446
627633351
477251316
449974413
737469717
826993062
72241479
939460955
855712974
68636893
233492727
334139551
955845756
189057282
10302284
906309030
34092300
891462160
107689391
796302527
980514805
292844717
918231498
47637966
49330364
933417187
392631462
251805079
541159530
117255078
142184670
701568011
493722425
211900625
78525241
119575479
179407224
891229520
348018832
267596470
421447442
825466942
315709436
529984789
801734960
436803080
469997932
553438278
329727871
667780997
97324443
709354288
490172566
371607132
476555777
864896816
394934261
181905615
639953991
130374909
777017715
548379869
209094836
103378221
533962586
712823437
160866214
224680282
890256864
182706838
519212517
339896179
812258103
974672052
732929669
377043299
60179370
650144556
898052243
204522243
570874913
333263091
867363120
39739086
44039866
169686663
519733948
450995700
204156217
558051482
345063406
778173501
826176525
990511487
191769301
968317915
685467425
49110274
76497272
901956740
587017760
90647497
490462206
673101671
659943161
624975113
10641631
919303284
231818814
674841594
882308601
976844830
628013904
358113121
547581164
666584395
142662955
211732481
515729500
671661666
997384097
487756383
313193020
717365097
965225613
374919244
159651220
241595144
509714616
116686173
991069603
838765819
165530515
370301630
220931895
563689823
979990209
200159170
550890546
44442878
235765608
584875300
754156547
993281432
513150946
279201145
887912778
351255305
530496372
550320868
232398408
726360163
964843568
739098997
830050105
680058989
696737445
604754661
43938797
850943153
942213087
961693532
376349107
346951384
794490758
132783191
40587840
725397375
543105582
981156330
907099517
292620884
41676219
18653886
169251398
209194404
530182374
320351263
473598949
955998378
933945029
157021761
534363286
605271145
138495541
305198533
1116002
674440193
909165812
339879334
821949639
19121204
368217288
768229203
733291811
37440357
779470536
871604616
853089782
936311897
105576721
193212451
29340471
507470836
225616794
753017379
486940859
726091927
368885329
93774181
345673767
373644221
609636460
687434780
24831858
539031889
503154111
999084740
752234715
561532437
36281833
241749945
993426398
2407236
590375254
323860418
467116095
254047919
200117928
271457359
885399664
941470093
760791563
591584039
208775508
282491832
896535335
582528324
685373912
457680703
59703685
266915414
292329888
248130706
702608053
9196106
651538160
184626716
881814758
138757093
87123373
852527460
109604987
502942103
848735541
132058292
475577130
758852359
9109318
559125034
164074023
654994208
436791350
691919899
632012460
62109348
289140411
122359527
940472064
333357462
909567373
521355322
429048194
852348503
529761856
888977146
756069156
509696461
408810148
494995091
645429118
689903095
769419525
227205469
519004956
610880295
744674982
980881939
227614248
836688494
117775048
107579109
361532133
784000559
181368149
280214169
972806825
752291726
485749153
365450586
749251671
642541979
226697282
631663718
578116014
27601680
816078291
976417128
858226688
934979865
414182896
794107215
922263507
409781581
147726047
732661081
899627426
989899299
280061589
431206554
90747463
138340079
697480687
216654136
931334801
483707652
73669207
252104341
590453980
363094088
962507863
795318179
374568740
15522855
741962766
32178372
555964072
247432338
895097907
324453167
345711821
975953471
460059100
568208413
582496357
956743848
236995052
194138267
866745553
625412541
444579582
57957134
552952706
160289069
145767743
513864069
448539359
372705979
323287191
451695181
480945551
308605853
757401415
635183192
758677524
359331172
407699264
329351059
405641455
420440428
859351008
333901339
940485653
421515773
412184249
862923088
140187072
45880747
404329786
276296168
533258796
619201883
63715989
798018963
323563111
839293321
19663410
755042892
235538900
175414071
247270017
420697250
885463237
113388848
588576912
287764279
116655322
983773523
335505315
563451159
295456851
101478649
202908124
192200782
564922434
804850117
911065004
813170724
600675985
271273539
655001235
924398797
169370361
262870597
499245166
103402088
206432705
527450167
350998697
963738343
864268580
821770815
497203687
376722508
622067584
859178528
128600223
212715670
175649004
193332046
336946959
943489439
998499404
203360450
971764013
507020332
716067288
313665071
99719076
554341071
793339066
697036839
931076243
309792989
949881532
132771898
771239165
867822195
554185916
272711193
521704912
606616094
604288832
650249067
352529597
831940725
832118893
277011280
747986829
465747053
249272006
134361730
858575739
480752999
249558412
749815324
14173317
681526197
214695122
523112758
362211943
782109012
711928549
20599946
344248677
826118349
536101550
419854368
233688431
315890616
39117180
777734418
426317386
223410648
225065174
834768618
977862470
472078865
122097601
564772583
3928911
891897858
232656103
481564279
7774738
450603460
393113712
149327417
777654167
1378062
562169860
476678972
405609810
943334832
239100744
367190447
209485392
390068886
348033718
894448075
335676773
329272765
161683732
865741884
777673646
347257901
241759386
803850329
25323952
657706998
301492741
201042043
581067120
42554908
485851706
156079786
805513082
339550284
888897415
950884080
391748060
728714460
785541963
199272719
992851631
685989349
304297135
174966909
997094782
597624119
99349917
495372395
636205670
911268170
852635925
719073181
464745104
275626269
235933186
967086511
290266707
236234089
964773013
419315811
444667711
327091438
485838332
489135700
319151428
202471723
3082925
852901437
467714545
953287620
647053021
602392946
946897243
318463042
48400901
675160650
462225515
490623209
204444115
359513863
377937305
194066154
436525628
106672479
662790150
459218228
881583082
296375663
476569588
864006316
664461621
793653122
534769797
445528126
477152710
112463722
345466587
421473059
434004210
723767012
33585605
643728548
327767008
84551259
495031253
535316020
135999690
583861427
202684046
148936176
604991340
883327950
746986515
207342195
515588867
823195023
267621414
890771704
72183019
534930350
378536710
995353523
510481004
118071910
881710234
642132953
532971810
302814689
156851685
661398638
657288991
122372638
296804436
680895226
417921413
253352283
203237264
45731916
168626497
778935989
20865227
626161233
957706498
117218902
657267741
49788276
262247790
717360582
451073794
271867554
189011158
876797429
291203920
561616297
943362437
267245724
633668149
876258224
593444032
345169250
576099159
367315232
875156844
389905083
799711692
401218861
696667650
952777463
925559328
406076440
624065983
943995128
583293450
127985551
437498391
782303742
680852064
853399084
155083465
883232865
265782113
87818778
664225392
201142597
906505077
185408931
544528434
454076040
407700260
785556251
329506986
460657802
612166134
990653694
419349187
347958563
634458241
77205778
668999252
227739031
680459954
874391943
101536384
145003591
534398471
686130808
592390327
759919520
833342709
979906914
704912010
744957371
579722532
970995916
213132255
639023546
773906996
203073383
391739337
976828493
522091082
381673218
762634876
943029155
756355014
426451906
928674887
805579228
723970441
893726976
599200991
19757870
322156628
795700946
863766604
225936952
427734410
224207913
386839933
576819768
872468504
878527239
148064464
862687049
934074466
951175245
321680074
359580096
145420064
853703438
547298199
832775535
313830654
890187014
60466333
409700956
578879544
767814193
838655079
757602079
214257899
516944952
361734074
766567963
634974784
924609996
84267958
262888339
330639507
184735128
64798574
321829448
209203966
114570966
562027636
708856963
202154390
176288299
455714330
228340135
918167609
335058336
385744508
583188326
770209421
439335690
21178918
916074145
362964236
581217429
341134075
492626548
358075392
556634609
632921184
972439563
195642049
818150421
483057696
759641093
898287289
618732312
933162733
570770674
210183861
644183049
608380249
405881094
284996030
409919808
328249072
596648946
274376098
621336019
948177211
299587340
536095466
649526163
612132701
903043671
356521178
745900742
384378172
745459264
875963796
54402966
185825259
528546027
537209291
867225040
510822625
483649583
128971511
918815594
949115187
919905081
641564610
241253106
80972541
450410845
972491297
989914175
668018794
591822874
868092506
467592054
526554177
199698162
735097570
980140838
693495501
639129644
518435625
397895214
730902808
675787386
791996461
673164214
509430413
201537701
588669802
490435889
454323933
486169187
63330767
436157999
80130955
729118131
612973613
188661028
756246859
496877272
163736635
493686261
505730076
828280588
33648289
222120262
51585743
537111959
948972938
740069324
555563617
647100330
977044340
766201502
231740423
552236412
117724386
565922260
612305165
325362147
165604137
677996898
398464747
437661319
43152139
712721734
190934841
81837160
665589388
366997621
454084868
56669977
213396929
914721563
640496882
405757472
159608370
238712567
287743766
614321528
305627941
551617984
126703911
216363214
536379039
624051303
371370967
962492445
691060098
234936004
207611740
270679124
162126889
714192714
204730542
918678073
295328835
915930199
787033434
560990084
346028136
346319031
312553903
983282719
995839343
260087269
952219502
581296986
35064379
575420210
998534148
83090339
769701620
710277380
25846552
900339865
645211106
861213827
842311058
102908149
662088575
17676632
535979113
589961024
146304687
874406576
688682623
568563161
155864131
435912256
588193704
75197338
298896095
788600338
44314437
568293414
220229888
823519961
120088782
604684270
757484945
814331360
737145276
72422990
304450778
33279264
640392987
724221716
422920039
113052271
584880431
505244639
158327953
276231835
790180117
485008620
44615612
728201081
587264651
254463997
800749207
931368354
95472674
653400398
791786102
681091470
318810883
131349234
949509650
276321002
459511364
285292168
797488362
493998363
568396760
871089925
370777092
747197851
119861475
674210149
953388198
794385876
783697288
193724827
90688587
292928534
342817483
144385160
847066013
268253060
504608120
717159552
455669241
119189561
474763394
28147266
99778772
308426804
923328688
328730248
227593901
791637216
142826582
623636603
660792881
556529889
91074012
158788573
773064682
355345413
942465339
793215447
885634616
919481948
448605690
634243488
115601587
524942783
207680002
850838541
236506120
741942401
977878629
591360429
100772448
671796376
922359627
249501057
577987601
855192140
351795351
922460296
116337795
440081528
979283925
111849128
241823981
20847600
475594816
500594960
112386211
782351156
985258596
818512188
438614719
470210549
265595100
781715624
660672220
240216371
938802625
830238713
440052028
557866822
885051086
128730950
23950197
543848707
798661956
299124146
221194847
867072768
647008929
690103487
742664558
67640641
150748960
42346895
6743698
743259931
917573364
74350818
652366989
918190558
263190284
157381443
223544247
413564177
457295756
495312263
911269164
970161554
710100463
219070854
909671905
451030311
204985419
64746995
889023333
641136542
669080302
707769634
601380243
57359558
349612311
800929348
324419254
813212632
157466490
821787167
744199203
418104899
523396244
433804205
653898532
165405405
377195016
457037878
858038637
798566332
868001956
468230943
556524174
636488019
525003638
925076278
62486080
322278700
717332624
159343904
594546264
604989681
48802451
231403511
987673025
788603775
898108838
613046827
427625020
792767646
458188528
116129261
134118225
242675838
902067360
611588497
571189215
377779616
981776780
75381908
459138992
503185746
820856832
422444934
776801548
508009561
198199789
573133094
981212283
299451206
386438978
176527835
126954341
951841293
671787398
591823804
309505296
281380166
598361161
381639080
151802660
780564102
860614412
474094861
396299914
385130548
405787388
400359896
189238489
279460535
826636184
695432502
17256395
204469212
218094216
354919023
768863856
414206728
640337742
349944530
774725763
536159446
198313851
110173603
447977157
92338635
554543195
496621807
768988615
413565788
673637111
155681706
690475708
235040766
866609504
985053778
545264432
950305051
15241389
608065270
221749474
159880972
917257405
44967833
190819461
240024773
723283630
783533744
135830735
64900820
834894114
483449728
760287846
154808730
913477040
257031909
80508255
81059996
798788247
674165491
995201604
670391176
767654105
191747216
402039354
784181748
827995020
330137345
146850365
327879967
305382796
339913080
880152666
426198869
986585582
968375639
745111759
123328685
344662998
471177309
662706743
508402479
44814020
720453768
440592113
933136486
34889145
680892281
175199026
655490185
915852497
246868424
828970272
850871913
694766787
300136540
294204941
653939314
745431387
132339693
726361135
875610145
913166251
728939116
251788150
260967720
277289062
935800037
851390920
577827198
992324356
84911507
290979277
847472772
741777745
270942683
36061910
497460456
980800479
264457635
922379269
910726839
56438507
676906249
138047519
642453803
393234296
125852021
679505767
281500047
50072178
333715340
710095920
671440058
846243318
415551819
514111895
664450754
830482165
986430294
819140837
50163652
657931334
75266205
539949879
444578731
979516400
25885669
358338737
906406183
321092428
505094830
110471279
451600891
977918521
590512930
789677118
55912404
648799764
507861222
348967855
979773283
652689075
807379779
281819003
736784943
897331812
128412608
495960566
733042384
300588894
118292138
974364009
256434571
528413221
259621703
508980020
605102297
454536923
816099955
679797063
189390868
653552685
387314645
445017411
724733524
622411384
180064863
626372888
915305080
302900994
200002836
50538572
73756100
764410074
2245433
579514250
88632022
564883907
146655630
223436547
865620383
827660763
382095881
159664324
507046714
48349995
742818782
849982491
430662069
254070822
111160118
46771369
128699018
252765462
932414419
559570912
209500916
540226111
308472943
981861425
749240380
721035940
272569335
203904854
998838286
981740661
750046702
904018547
624483468
107724311
121577820
690494273
541751893
335047619
471256140
842240977
157519752
358290329
811964358
610160386
682022239
316785194
488596816
462908212
491246566
486037413
842056133
480717697
393390952
432295860
721876442
266838487
148297050
134191348
165910268
199837423
34639623
54583327
489496813
502182953
802943747
235791633
901155457
899247329
654619426
101957899
667809753
603835963
631021078
498356113
698064628
185617331
849902893
418964020
427740089
143207888
869686499
521735709
146557987
689794521
508151202
644693415
31740999
586833470
748617776
543352061
565153233
120332801
162511393
871471443
486385275
586987566
906196234
753849561
466753972
295867781
711521787
54737032
501828263
377519016
754467407
15105020
175955086
962901884
814608268
179758089
785565152
80043883
962826842
993524904
899025501
755591316
845755672
256642532
304067539
690643673
135067648
332632416
938538619
550196849
11627069
680883511
564376309
433167229
394603775
271680021
324837549
596043020
405151936
603071361
280634955
594070138
836110555
628763527
746787696
221741282
474907608
629835826
417568719
515671041
165738526
575105620
622927597
925930032
481090316
50661014
18173702
310667895
855416107
894535133
67336612
425454874
661808713
492682463
317423025
677436843
400682624
747914527
636860746
525593935
298087116
964919280
272465555
128127970
212876297
410409512
502569192
772468544
886138317
539204859
370566136
109514994
441141248
512813251
812248937
458378166
639377434
977989998
781636831
699438408
287688283
660344826
979593501
383688443
952221089
29024647
340040931
338048146
244417793
66302213
418314714
789091503
324448546
657314571
914020417
510795386
825642886
531912628
387733645
56660143
254835418
579230367
427078916
604466349
620451723
484342892
174396918
707514294
322045235
94000345
454575401
261205364
298042447
955456317
693920963
389580929
965188314
705124883
155676434
38989287
70517246
305867532
761484755
699901001
249983855
971954413
163506521
251664973
552195804
800908046
327960945
94828184
788993935
144605635
304589380
852637049
936877522
654848636
927073642
815150920
743006402
180574544
995672578
859154869
901916818
855503252
67161432
719275914
782252519
765260025
252068616
260497166
30882841
836076749
515885231
306539375
241732200
780531596
817478215
828211239
154134872
981652665
57228146
472618779
73367543
245749466
96823791
608640443
427765530
940553493
262641131
51564810
617427742
205400537
156155941
551247579
35577319
322315319
637435731
620061165
457178247
842562609
973958717
263129932
397356327
202696446
80574178
513012880
862250302
32612955
306702523
84041498
566486669
378192392
881712137
777853171
567373259
262539216
219445544
128506413
252199578
960871415
171381443
107005224
639245088
84039474
828220095
167588173
952929889
441715733
195699999
53175315
900642371
352823619
962602156
106430480
848334122
466703266
251114367
315963249
199750088
937613809
694360250
787516571
575623317
732528927
297733755
764164854
600712918
13897393
158104017
707724384
138231651
763089947
538562330
109128983
568500636
349255985
979564662
460660968
830551107
940615682
885014429
154912203
183317741
779504464
590295764
47235830
970635206
751553630
232460085
330783315
228197355
178955826
637638555
962752669
193773795
407922957
318232400
110129511
127166450
306746876
969729026
896303668
775944359
852862195
145494092
604480220
46059138
625580842
981027623
11530472
18718659
646857347
263245288
437798499
357317213
156235485
565459645
693121828
511015877
730316174
5384321
626395803
593376140
959420705
197500648
814733383
99890984
839097949
200196975
147028427
839203224
266696595
689318224
797001884
90600137
152847324
579259136
528395139
331728745
555457808
773159800
977878548
778962418
25668699
818139343
723144313
851604490
287826816
535220230
224853808
415520694
182671222
214277407
507656722
47836350
627827027
913379898
125494260
117765344
2771419
314636894
951313249
6339215
356275700
409398056
224919379
910645363
643696939
465122977
391528014
7533920
536914316
978423532
213768308
45492576
410603572
397304327
55937033
104534317
563149424
540231780
750488093
995642597
976072941
476216775
239750333
109343787
29015406
671414828
618213770
103634819
519200340
949880160
958108060
455738586
616800045
469106697
263553897
769856422
772085903
706059783
215702441
66335487
300988227
569072915
703626834
927588913
756268125
58858167
641473516
500465412
311224747
841566872
130169218
408878646
404174789
802972566
617997255
776184105
235532188
255148662
814504520
319718900
472870270
992810412
159022061
410081672
607970706
781742759
185669439
56440745
692037403
695028270
566396523
724720339
184026817
669019821
714048276
216929465
501305095
472386180
382321572
283280873
635606278
196066133
200224612
937534171
773701739
163035376
209318805
67819325
875707359
895195192
396196302
640673059
848732729
688078962
864670084
930109622
979709046
80156502
806982431
699696550
557721349
923423692
749730793
673454333
915139555
260902799
967344075
127239346
209568617
610093960
680837540
956356049
400724830
735237258
555481233
605420814
552145885
720675221
235993796
958309409
591593123
269268783
446852604
535089948
347396143
304231358
271913936
730386806
140710571
421648745
595337177
59644459
717770578
120288516
558498968
31962678
327839987
921679161
109441558
974764138
757597893
973678213
156256983
903528160
210954537
243772822
33154969
285215848
518358581
854498913
254870562
555207339
448906800
505834584
145880562
815552393
284042902
603920214
971313500
886730088
604425858
156234220
51425305
513656616
5350224
822416608
316203530
337665195
357134856
351786768
193873872
454394332
341663322
565655993
169178015
165025127
523874186
533429313
889660365
975312878
675057030
574473463
437585256
330050335
991718185
59564580
190765529
134870868
829747735
135753321
456466844
215085839
53103544
306106641
648878594
646899699
552512667
622324284
351856615
142390229
18282445
571482920
663825187
763027100
692324042
228740873
948994508
869038883
256427168
946522846
999426175
513869065
53127196
945751878
213592868
503236708
549484829
486860321
333645642
640558863
878462374
742156888
543943775
837493960
781162817
833847043
591958910
646313492
933109907
317030348
996510430
570003982
750473464
237790221
157089758
128431364
580404740
221527292
431544725
953111438
551306159
149637991
540891018
515757630
985997816
634131034
126024716
869856059
231643339
842510011
581538482
150791976
57992563
12359929
272932293
718550138
581124408
955144084
520481762
560709495
361211912
725528867
258115298
134109268
359394610
421065121
563625537
719044386
326443897
531436489
23155799
252614349
514704733
743231808
994697869
369332635
87846217
954365812
792534440
35715701
712688000
564212707
761676939
152075711
571423133
282585388
393479452
213687502
892141302
728419683
743231809
562388172
210278072
786797327
688314657
638690408
240291332
870536379
442196739
862442793
547723580
918918543
826932098
118336666
140704077
329742372
399782629
661306431
415119765
512297137
582940666
311943888
760828763
697575742
18702403
813631411
710016477
958241672
764078906
810199015
653307234
974323397
334866047
886096642
667231236
98303197
250603663
197900699
239078490
485313726
480676738
383561132
308436752
796422648
915924730
861773926
210137855
63694090
494780671
145981066
240059769
457632282
132406678
463784537
458493975
65859293
557622622
226657774
435244523
370428447
488216419
785443543
182568292
929829026
504835901
628628489
257272226
634665361
244441116
429147267
930468675
315159125
738444282
619211190
552445934
310900687
840717033
86215535
389113650
148301770
360645075
506377748
655270857
969544272
647248601
724620249
10621973
203047529
192779728
481940876
500340023
97484298
434608156
663967811
2228484
976995153
904681324
637460557
367224779
176503365
537539603
787735926
548776925
6302117
344886452
512293148
685014819
897046243
219455522
403440843
105798116
130276159
196877101
410552253
9853133
271522034
417754029
724180688
921526059
452894206
411337755
989627953
171550156
645073912
677353529
283862760
166749998
572893987
579720508
842879189
864417189
318496695
227448585
954389066
681113152
498056161
70457225
318475074
567256630
252156347
214165594
263464489
373717353
589033589
667611382
205746241
677626579
402253885
208203230
371760630
175972269
646729393
386804591
77214364
345744725
44803466
890300226
217910643
796685998
905455888
84030532
622637070
280356906
866715432
35141682
192166365
462871246
629503418
515779134
956298367
730779220
53624307
250431374
903560701
638766817
232738888
952197851
456826391
898399706
593397045
89085309
117792037
954662292
303650870
281396509
722564946
578861612
786781948
902116379
654763931
141381562
961421501
64367140
53125456
667241759
732593078
377870056
782322660
411526507
992305744
352148845
46341887
285093879
993225489
602819019
329853548
357235514
281619523
693945541
629372767
499141190
52085281
887373365
309675156
828605195
950819919
706572417
585344608
485719223
394175049
652658684
794094747
672365317
540605414
704038538
257190354
861925358
296193026
837131230
70967337
525387070
863444924
726235969
540273213
139517087
627965554
218904461
925449943
833312311
508528655
911098453
768971129
701329574
161978147
241071938
543947022
543505458
70491958
360858584
638620997
212574451
657516791
219257265
788099958
812981769
251096988
46722706
591769878
820370296
189299644
729636753
583135908
470982578
808817925
892494924
465481216
461599445
449381391
984737770
690178994
740526598
940265143
193488497
330256188
709127818
296220170
81653302
550376335
394027572
259121801
937488779
744267364
40531037
378619707
268563985
718773310
828024720
99913612
8171857
458671733
418980092
257535070
497003937
203121420
636445332
218550367
918827930
480835458
560547997
963427824
542237925
42785616
573391019
584493744
340332519
855226189
354196224
727452785
694508120
617296448
126967730
45735387
467174029
50257147
510986313
890968772
213662891
920255217
840052147
81502658
528308737
124690489
317929013
113439945
991749545
186950537
320564289
623938758
927569975
508722050
222149307
447457858
708783193
639898475
245851611
2006315
415143604
282629302
233047171
468611805
154957319
935897015
453084175
435334711
736905902
870835231
640030265
662938277
536341961
981971108
145109328
898347957
865415086
421821896
641542689
124118748
139839330
633148978
861778568
950257353
852826606
679073731
198208743
550737898
373732113
757821650
689754411
885518952
348979962
81547005
351939769
442599508
137236564
208948177
45065565
256804436
953437235
381358492
212104152
491473886
683283798
295099483
986569268
832695554
160511020
334742329
435348586
476180229
314179666
644053561
354593346
583587716
888181758
867063670
209117207
515196125
132586796
13560983
507260288
846810751
113280946
690590070
436094381
490605781
748915808
381951856
877427015
332608932
717661844
130220919
575804580
440761838
163293500
352483781
122236620
101991770
953114181
2083644
924116628
430060156
414679355
516561415
25329995
938164699
478604102
969958200
99470481
451113036
444590049
882261315
937570468
640319306
781688857
754963464