150
72981
66944
62665
99876
79324
21550
30178
16233
28355
42917
53291
1170
43166
46282
91878
11246
25850
69706
45608
15283
2224
75423
15474
16271
62866
28051
35451
16245
15849
81578
52160
24835
20487
31938
91019
454
51904
56337
23905
48198
24673
11658
73862
92518
93804
26319
33369
64286
28159
96694
2945
18758
53051
2577
9378
78558
44334
5889
39808
99977
82540
3631
19787
8253
82446
32438
23980
69105
51477
51170
27972
82526
86362
91570
11367
93532
80032
61195
58509
54517
74444
31825
7807
83468
89894
53631
58610
70780
59926
16071
68085
40122
14109
27654
20637
22235
18682
17354
28893
43501
58255
25006
95421
29049
45988
58746
37483
10529
87257
88111
27764
46740
79318
41441
54186
61054
8179
28399
34288
21446
88387
48987
52581
39084
62517
30826
80208
91883
17886
76987
39845
39816
57377
35689
89963
89331
63101
42036
58572
68781
28472
13897
8710
42751
88227
57996
6389
54791
38128
26633