150
2478038
7889709
5395999
9945454
1094348
6709700
4549247
4010102
6686149
647270
727414
4929640
5659965
9166221
2328492
7247163
305787
6787820
4109902
3094206
3925998
4128801
709611
5037967
7830590
5461588
8131071
8901226
3241110
3564465
2443275
135714
2219493
7552522
9196638
3881034
1699551
8216419
2231071
3414368
2886786
1511343
5270223
6150180
2659457
8817820
8508546
5649774
7559103
6282434
7607702
3284005
6743266
1034509
9104291
2308061
2723031
7559869
8657701
1550389
9558654
7563258
8504819
1380705
9997567
5662163
1852083
8349704
842728
3525223
9534646
1449726
7811314
8087773
2284599
457158
543166
9004485
8283113
8109318
5098808
7839781
1726067
2976365
2396100
2615014
8490426
4240774
6187937
7013953
8284708
6216478
4109368
7385077
618211
6725487
1145779
793101
1482125
3845995
4676371
3360489
6200360
2367702
5373612
3724300
9170510
4294589
4584349
6031067
4781807
7252120
8403910
2720123
1690679
2230653
3138355
35971
9238859
8370639
4852472
8621645
6123531
8329428
4989682
9395941
7013342
32314
7511604
789119
1851998
3885514
2124962
6622014
8010921
7346283
9503084
778532
5252917
8558260
7667444
1044737
3280004
1711895
9140788
5556318
4330655
1385781
6615028
5838273