150
69810456
28538800
43769716
8517773
55159609
39328656
15389390
6933325
77074410
50331187
44641692
19414259
40931526
65897205
53220069
75949991
82820452
13547929
70173870
33670433
51102278
47886538
19208430
25675435
83794506
17278638
2924989
59751051
65388011
24033928
92116256
44046367
33690587
64972328
13972081
61353868
21808508
51962639
71919540
71231855
90485153
12423616
27791957
72856259
72603423
50217643
83688444
30541522
83489058
81030304
13187738
66574018
42422770
15979065
89250898
30453785
77739318
62061435
90720097
69004374
58880466
22305525
84681186
33962148
63283266
55772194
20436158
78184955
34289386
23672856
75367261
55144857
79318030
74102084
25791425
4126264
60715660
30903100
1956572
83884696
92975416
40095927
61051982
46615809
52313963
83555577
87236814
41581742
88635047
94792600
1407945
13278693
85241597
86622056
88828726
81238055
47520695
84689351
49601545
67987790
23417242
71957857
94678561
28474854
99804736
97471899
29561721
33174359
55547787
19285348
41839283
27193972
31061593
19284224
88201386
66539382
96993584
44134888
15906814
50423518
36465156
42346998
88860213
25045613
41974665
28854616
58226452
27531187
44215516
64096490
66304740
19216309
70796901
87930754
47814588
46681366
33072882
28749517
34385094
90432494
63365635
9373205
37260736
48735461
14332342
5854906
48335983
16823520
65271605
12133177