300
88028412
76884995
76817707
10669687
59202303
84572145
32704267
2672493
92413573
52439852
26499964
49518068
1019926
79635860
73100651
65299682
32021119
14289607
50085571
1125537
13410916
80554126
29216820
22179980
32947286
9953304
6632536
72678945
16614431
83207282
20884111
25514628
91628318
30922672
11198277
60774848
61467560
36796389
49170652
91261050
9934374
39390784
57177535
8385537
16626876
17369198
47151306
45353512
93082389
43798455
95505752
83003383
54447931
64428610
34834065
40926762
15062309
50721366
44329821
24114388
23310907
90831979
1890021
65050754
941885
40484719
72874823
11382403
96792470
61469107
37756391
24625444
4526770
23799728
31281339
37386914
81826990
69529864
83514561
75261549
75151960
19848844
99305385
50387991
5328427
74832529
78652763
32580261
67039973
41858253
49949087
38069614
99384266
49132584
6430734
70386359
11136832
46417569
7465547
27286248
74375606
37266431
84759203
17686356
16178565
11942300
14707834
46513685
51080956
29104554
79694973
45380668
97840147
62438207
64243026
74531798
95732952
97444894
27264928
73170245
72975198
14912409
68763116
31154557
93475587
9655478
89312831
49827962
93667851
80764063
91052693
44946835
53390237
88783406
3186066
65230318
25105408
32255372
83189473
80345264
51332896
64451635
40004343
49901761
529286
1622350
25421956
7879240
8639198
15248981
40801376
73294660
76313361
90220387
65832202
87980604
34666978
99507769
55704730
54065936
44036799
77597248
33665986
18403817
83196682
92155234
41863541
94855926
69344611
57560091
32765093
94128559
1325055
99288077
50590306
60826332
12547954
37386375
90157231
15972405
94371754
84517806
92209679
69080599
18573722
81565557
33192079
17548359
86590376
4967438
65643967
80909327
94746690
68362319
11287133
42207585
30890040
29577918
85462024
77423335
90425105
22528401
67507142
10285379
51479367
22568973
50271
30883138
83832071
19571610
80540585
70693965
23241297
77704912
52393583
38921221
37728521
99195236
71692409
89872321
68174672
83439302
64962100
95826989
26920752
99041175
78341009
38800798
26364886
38171073
90099217
51382195
41913361
12480582
43495983
68926164
60238027
93979044
30408459
28822985
94567659
28365639
27545668
71541084
55202705
43183025
20533532
9271269
52479280
85263535
5407586
43421972
9888024
31287046
72264648
57767719
35882311
40101319
60981289
41379428
14923057
93713958
26746303
45991959
5380241
76573281
47838845
17011981
4284634
604778
31776236
31066563
97921370
80570616
30723169
2232212
82972582
10617048
83228770
25374328
95737753
23868724
96769741
48837452
99893978
10226915
43937412
42264213
13016118
40755297
78001588
68747193
75961811
14130131
57802116
23837324
11563914
92101595
9154432
37427471