300
919894968
814260894
644341415
523522455
194886306
895343885
524251440
615806524
789474186
173154379
282284101
452528070
213289104
886921374
726382822
894151796
902648916
952978794
912076454
464814134
925884233
489793579
779221399
383561027
256692789
424982344
59331376
122957664
968233101
303178755
953854619
242507766
306222780
244116240
856269998
481125128
692367762
157552337
787450559
625843147
330155418
594449222
89896157
583716205
549752195
13947028
391355414
40956569
260063664
750021353
156847283
88822938
160951932
565351857
681507716
85978651
938310321
682477854
612307094
140255693
447484117
753282183
8290642
529526749
761139506
141886762
499446579
428723601
301066519
752382387
653132409
710494884
353882564
515997001
34735188
530455820
11243189
473951801
512501530
418033444
411513084
284739430
595086058
845378080
244310678
972272351
812913029
604895341
787424068
263143991
673686900
60002012
337288023
344353750
817447219
206769465
381205288
460893763
894018102
747453332
944405339
12081999
878502014
743294223
461374606
791235036
81862057
172560216
400314280
626290567
736290098
541135871
186508608
347852417
972368914
986393967
904910212
819968471
565183079
281099365
10416103
227228605
452842489
427736548
664371392
331729213
507644448
192513571
837179697
607601877
619917309
350549313
831926876
429342895
149550167
762344692
860291782
606632292
599492817
871585877
452953324
729641290
13121266
922706400
895820420
84104272
214186425
807430803
4516108
899174661
627981254
655855052
337162132
406845816
473431157
735969841
4223388
597613822
982034688
804317210
729976108
187213124
380813571
760463814
895841009
706338137
114664425
757707842
606155655
629051870
565844752
203717402
375883160
389569880
898835898
446195744
155355135
813063806
150963339
902914750
733098051
471770356
648207378
110618519
315249664
9049558
831971660
802726607
137746831
884735033
62858447
211634636
260427102
808677110
966847610
166323033
234274983
343373257
632776338
697791023
394260289
816071642
285028792
786548996
914739840
70388268
968594306
383998595
132461054
351076741
378388981
181978094
230761186
929700359
390789156
172355878
693504241
136300378
975315150
103761023
850291103
395316109
471352427
208383979
771282643
560615160
169937658
873043487
389543442
563476373
498151693
272456013
401267284
932131037
522363910
462585558
517966482
457779605
718925434
583834581
800302865
600944442
204343957
237921253
708434353
157562362
403252363
765545900
405670821
324755496
433701647
189145825
30063824
655298365
15200828
20738298
319116094
56063738
706042484
505907578
236261427
981208708
438850709
39660976
130367714
587788586
760069616
109408245
858063742
684325196
701659266
645410408
336313474
879347024
509674673
733521760
591213132
60761439
997946350
711104896
132125073
798516833
291262969
411759594
191617233
961408268
292039347
131970042
526510265
111919366
662046482
351919677
468484269
146913070
811472514
110030054
629026101
857418881
291972819
120356148