300
656115673
466970111
435642634
692214032
861571290
178820613
197045626
998694104
827986588
821577716
578140576
853967961
96594726
422758079
847518469
244896222
540537740
266621125
261842837
878536088
430267009
447491866
699025147
484007138
260362023
736460540
712363142
143373542
249766313
470031129
802212730
310223638
713686504
565539597
56084820
287870180
621705975
639008860
749561086
785168865
878037242
543384623
624678641
792233377
88363747
953507703
757254879
690471563
832109937
136233049
742799199
697838208
333569777
940867868
642782371
107041362
420236092
566086214
478947921
209554712
349867845
968393812
686057888
927449093
472953588
126270161
913313819
727895052
119353191
600836118
253991924
852219628
619609343
369922431
88847821
745866245
171605440
971688287
310079731
139571171
303933288
190866845
151772232
600149228
997898420
352125848
536593960
833121965
769398884
363208766
178964736
537857374
136886506
449273016
796387043
427248336
130269584
363676164
285938639
567732158
999149301
514135359
508705901
808661003
406395414
481940709
130505134
384419745
948408384
621773773
101549427
869381552
645825459
372779606
296458050
372764278
171033533
515469005
986722172
715180909
21912245
167220556
746927500
228003002
327739181
910971525
367380314
694643266
395466637
352957206
690994548
83055038
553562585
860439124
374707111
649998409
244948020
846381686
517073308
144918337
545928530
387057537
436808862
416155103
502692404
829578844
980977538
197956910
126909672
124502837
957626762
963599238
217906863
906664503
730161958
681310798
870554022
341701366
305121559
534291851
97454217
389593583
33676471
369609655
628905523
924781601
972911208
282579503
782292873
659500785
626260885
189166747
667102554
71579785
934811433
741396603
290203371
274742923
751826949
801629835
246107904
485442057
927280805
25814240
597030337
811058645
67396589
462358211
461825153
515196414
869364334
848878352
728297385
11777856
463205670
181569191
613824229
709466701
466697309
101819328
370953683
27647754
297675993
574588506
936585729
551335427
241910838
933428692
53520100
324126472
142882255
423026090
386210519
630883081
613418494
591342059
506490013
838276110
581855638
83646765
202368564
728117118
680815880
626072103
957231231
263513269
606711122
606149760
742602905
969127185
203993202
427854177
661082529
784271627
32023220
391141630
452151697
883269175
870366439
786512917
248667923
617341791
11008745
47989709
682924333
930866037
294491342
271548690
529095648
871519818
482849600
879658320
155921815
651001843
95823063
476527325
293813105
94814528
926390949
392012877
923134729
406067497
724743994
589570005
29054891
247896432
513480124
872794040
943390563
477148423
798313383
209979402
293047591
889498663
694174088
259622761
861034846
801395010
490579331
329730847
880393608
995105569
142254676
795567533
588314840
628331601
483482780
532053508
529000609
139775631
872366826
176215033
302272147
944573401
347586546
598442662
420543843
102738336
768819126
731253941