500
746637640
522830050
550053958
61407024
352266873
296433320
404315056
951048525
168881668
477450368
970628253
17041596
829580274
832200760
318020754
108063703
36717605
616000464
208248062
982567532
187233642
730249009
594840705
223068764
59121208
990086312
383160435
445192620
317226535
400289451
974609524
336976937
756516519
446370584
944550860
3460050
606851121
444195331
153708430
586005386
772674429
921557508
108875320
612968184
505768170
821627966
980707959
820152240
982982301
286629510
957080152
15536065
25578354
904405956
132819511
896245839
290480015
379633996
762253979
617672975
26638050
648107124
278102346
414619123
194117170
825567673
32196828
327663430
997756759
873838960
443251225
781339504
562592407
84179956
972118905
130773356
438265700
185231049
293447894
845826091
925225610
603655102
302072672
546984647
43443071
666567138
162687294
390999531
86234949
705378247
501390366
798840489
798102755
168393425
553161119
405445470
167301855
729320524
851797100
661082746
300812164
302841231
804184092
49216713
870483066
313921987
283340478
661444156
272065666
568981081
868162337
192250948
162956836
997930286
92670884
218495390
939273478
860140915
886882200
97885900
948197157
411682583
351559636
462631212
691151022
148835819
369347066
67342958
454201409
230869282
406090950
308408046
696578328
964381058
990862359
716185528
877313510
705135484
129346173
951615736
840676998
112003576
429072153
534494816
33962055
625687211
941045860
368888062
971337825
625106656
271489241
218369754
263720900
492686663
346094952
93533428
784906151
442775725
354054572
904746028
336361152
81600117
496823306
432258840
56382597
451379377
930672509
541848399
416654028
240366832
717241047
26681330
706722778
917818991
138013646
684556089
156936606
320786567
283170175
867009029
113168837
953118030
578696945
409191215
143064922
915572849
991594178
728434381
870916177
602485184
892971096
420680017
102751927
749229359
711832563
886211590
323058874
858156697
607872290
329634163
937503114
700696521
437758583
158474205
147801306
527634512
571548337
27394878
388476837
677643925
508365910
550429257
886965190
398697230
343751985
510237948
962418687
715017606
434802777
126818324
622247806
423578104
819034590
42524487
387832492
654770350
736828313
378719841
974662510
65235992
513401984
155525201
545067272
933553341
169624074
144109332
820595377
35038442
875739176
800643037
274112180
600153658
707868243
436198466
620018373
713552078
32873802
704694441
912306744
875356037
189556751
551611107
926751457
340195659
848607558
921418023
536971991
413922078
680586922
823732199
550524291
232140504
330414667
768723694
758278984
942192881
528649462
350474657
502475227
774700825
138913745
317749696
456873048
226042990
304560513
273520994
921619677
330368857
775196194
42613011
90877698
863441184
702703519
235144398
676956530
770167310
277535596
918797570
526634490
868946400
222376738
970891992
193546597
51247266
451722848
30192667
547374347
967253411
643900765
136133721
845640001
199651858
609620635
206747616
84015129
965915224
835052078
675950676
50765020
210722118
123851134
772109050
62485072
344873733
362260066
281591192
282347428
644956811
33437245
288806409
196337450
651119680
263362654
829572732
618953904
913276842
959633991
184536123
522361384
152152039
449647043
510191126
876399762
455637130
269512566
349461532
833812966
480079826
371089160
621996613
41369402
172016427
843244895
642023268
894842954
989058351
721669109
453353757
442005375
93966197
238956437
691031996
313539160
964686094
561586519
779898431
408152799
241770560
974437690
252243139
562835003
428839577
880513060
961161619
337742207
384670663
159320104
675764615
607806282
528290487
907861353
35967271
537538417
574864945
305398212
140995298
465594360
184716483
156915893
575796993
279514721
561334163
835806810
941888657
873746246
313935170
33603302
622789751
764471633
247508798
377118525
935682924
195454067
328431298
277059355
843171653
217146199
160122313
403629335
378212954
385210393
73083888
897072258
685477711
860226586
43441588
490201306
605916768
972643192
824059607
897073529
918115013
213659391
847870983
743426214
121409590
279030033
190208990
162026800
418530131
27678392
394172379
933740848
177934570
523094923
152367844
594902621
668216825
375920707
133413198
278832148
127969569
562051060
335687222
252583081
865166379
13874091
303350825
44740644
763856666
683767262
252249294
869861561
265189738
277057497
491186064
217913350
255905114
378998966
290750819
595456393
219916600
668659233
910668482
179218483
479576975
419072518
249794828
312455651
221414495
144951504
321980865
939754663
304522613
934630550
682911243
723680756
691505212
412673600
104153298
196748970
719708311
750667935
792196048
683755106
775306086
350894629
260490400
432834115
17047626
31916727
63230701
463146914
589179585
418791822
285164401
4895784
823302513
491560692
915494199
288929406
660717935
875566444
922573373
95427208
252583272
118925302
7824624
809401267
534541370