47 35 1061
24 35 1
13 26 1
20 23 3
19 9 3
3 21 3
2 13 1
42 8 0
31 11 3
28 17 2
10 19 1
31 32 3
35 9 2
34 7 3
13 18 2
31 31 0
31 12 0
45 1 0
4 14 3
10 35 2
14 26 1
28 5 3
46 28 2
36 16 0
19 28 0
27 17 1
3 32 0
30 35 2
26 32 3
32 30 0
4 4 3
6 9 3
7 31 3
42 7 3
17 16 2
14 27 3
12 10 0
1 23 2
21 20 0
8 14 1
6 3 1
14 11 2
20 26 0
20 6 1
2 15 2
15 7 3
40 15 0
6 10 2
38 28 2
5 13 0
21 17 1
7 3 0
36 29 2
10 1 0
1 8 2
19 6 1
2 12 3
28 26 0
15 3 2
46 12 0
10 3 1
17 34 3
8 34 3
12 11 0
17 27 2
34 28 2
8 19 0
16 33 0
1 7 3
17 9 3
8 10 2
35 34 0
26 19 1
43 13 1
32 8 0
27 13 0
15 18 1
36 34 1
4 8 3
7 30 0
41 22 0
32 3 0
11 2 2
15 8 1
21 30 0
7 10 1
19 25 0
12 9 3
16 26 0
12 29 0
45 4 1
16 32 2
14 29 0
41 30 2
11 3 3
30 23 0
39 26 0
20 7 3
1 32 1
19 1 2
4 6 1
33 18 0
22 23 0
34 6 2
29 11 1
18 32 2
37 2 0
46 29 1
37 13 3
2 1 1
13 3 1
25 11 0
15 32 1
40 30 1
27 12 1
36 25 3
1 21 3
6 1 3
17 6 3
27 6 0
34 12 2
39 13 0
30 4 3
43 31 3
1 24 2
46 3 0
11 21 3
16 28 1
30 14 1
17 26 3
22 15 0
41 19 2
39 24 0
38 6 0
39 4 0
9 35 1
44 30 0
23 12 1
38 30 3
25 5 1
26 15 0
23 4 1
15 26 0
34 35 2
32 9 0
11 30 0
47 6 3
35 17 2
14 7 3
44 23 1
29 33 0
14 6 2
11 10 1
4 25 3
30 2 2
46 11 3
20 15 1
39 6 1
35 31 1
3 5 2
16 1 1
40 31 3
46 22 1
45 20 0
28 10 3
10 29 3
28 19 1
28 3 3
5 24 2
13 29 3
38 27 1
10 5 3
38 33 2
23 30 3
40 28 2
32 2 0
4 10 3
25 6 1
5 6 2
38 11 1
31 21 3
36 6 3
4 34 3
26 31 2
18 25 3
45 19 2
21 12 3
26 3 3
41 9 2
1 33 1
8 1 2
33 25 3
33 3 3
39 33 0
44 3 0
11 32 3
4 35 2
14 15 0
22 17 1
45 28 2
21 7 3
12 24 2
31 4 1
24 14 0
44 8 1
26 26 2
20 9 1
42 11 2
29 7 1
11 27 1
43 10 2
47 9 2
1 16 2
1 29 3
25 9 2
30 9 3
27 26 2
5 29 1
36 10 2
2 34 0
28 33 2
26 1 3
31 10 3
7 8 0
39 27 0
41 1 1
23 17 3
15 22 1
33 15 1
9 34 2
31 16 3
22 5 0
35 21 0
2 31 0
3 19 0
25 26 0
7 7 0
20 32 1
36 11 2
3 9 0
6 33 1
17 13 3
24 23 0
46 30 0
30 1 0
46 26 2
19 12 0
21 26 1
12 2 1
10 28 3
32 7 2
9 7 1
13 23 2
15 6 1
33 31 3
11 24 3
46 17 3
14 18 1
18 17 1
11 25 1
5 12 0
26 4 3
30 21 2
13 6 0
44 32 2
23 13 0
7 20 1
36 35 0
24 19 2
8 17 1
21 22 0
18 9 0
31 8 0
27 34 0
10 31 0
9 2 1
10 32 0
24 33 0
44 35 2
21 6 3
22 12 3
45 7 0
35 26 3
36 15 1
23 26 2
24 3 1
11 19 3
14 31 1
6 26 2
26 18 2
47 15 1
5 8 0
18 13 2
38 24 3
45 32 2
1 25 2
6 5 3
6 6 3
15 21 2
14 5 2
23 10 3
18 19 3
45 22 0
21 32 2
42 9 1
2 3 3
42 20 1
43 8 1
35 7 3
3 10 0
43 27 1
13 10 1
22 7 2
39 28 2
6 4 0
23 9 3
24 8 1
3 1 0
5 23 3
29 12 2
25 18 3
28 4 1
37 29 1
16 27 0
37 9 2
8 2 0
26 29 2
28 25 2
42 24 3
32 21 3
33 32 1
21 29 2
26 17 0
32 6 0
30 12 1
34 11 3
4 21 3
40 21 2
5 19 2
11 12 3
9 27 2
8 26 1
14 1 1
12 30 2
18 24 0
20 3 0
19 35 0
34 4 1
41 17 2
46 6 3
29 18 1
47 16 3
34 15 0
1 31 2
8 12 0
24 17 2
29 8 1
39 3 3
47 19 3
19 18 3
16 30 1
8 16 3
10 13 2
20 25 1
24 30 0
37 10 1
23 22 1
35 25 2
11 6 3
25 10 1
2 6 0
20 28 2
26 8 0
5 14 2
33 12 2
32 34 3
31 15 3
18 2 2
3 27 3
7 12 1
11 14 3
34 21 1
23 23 0
39 25 2
17 31 2
17 8 2
26 12 1
36 22 3
44 33 3
17 17 1
44 31 0
1 22 3
47 17 2
41 15 1
3 16 1
5 7 1
27 20 3
10 2 0
38 1 2
21 21 0
43 7 1
44 20 1
6 21 3
6 7 0
30 15 3
29 25 2
43 19 3
26 9 1
43 20 1
22 20 3
38 9 3
22 6 1
5 11 3
33 10 1
18 6 3
20 13 3
1 5 2
42 3 2
9 17 3
45 5 1
31 14 2
33 17 1
15 31 0
23 28 1
7 5 1
24 20 0
11 35 2
24 16 2
1 2 0
37 7 3
28 30 3
45 8 3
44 1 3
37 34 3
13 1 0
5 4 0
36 4 3
41 21 0
38 21 3
41 12 2
21 13 2
35 32 2
7 16 1
37 31 3
15 35 1
2 5 2
8 24 2
36 31 1
13 30 0
42 25 3
10 20 0
24 32 3
22 2 0
18 15 0
25 21 3
28 8 0
34 14 0
44 29 3
29 17 2
47 12 3
33 13 0
12 33 3
46 5 3
8 31 0
9 6 1
2 25 2
38 32 1
2 17 3
32 11 3
14 21 0
25 29 3
27 21 1
28 12 0
1 14 1
19 3 0
44 6 2
23 8 1
3 14 3
10 6 3
30 28 2
35 35 1
22 3 3
6 14 1
42 17 3
3 12 1
4 20 0
8 8 1
39 15 3
28 6 0
47 10 1
21 3 3
4 31 3
11 1 1
45 34 1
28 22 3
43 25 0
15 14 3
22 11 0
36 32 1
7 21 2
25 3 3
20 27 1
17 28 2
5 1 2
1 19 1
19 27 1
18 30 0
44 11 3
46 2 2
26 23 0
38 29 3
10 26 0
33 34 2
38 18 2
7 13 3
8 9 2
11 5 1
30 25 2
16 7 3
23 31 1
32 12 3
1 30 3
26 33 0
41 26 1
45 16 3
39 11 0
25 4 0
5 18 3
11 22 2
14 9 1
21 2 1
19 4 1
4 3 1
28 14 1
35 3 2
35 4 3
6 18 2
16 21 0
14 22 0
16 16 1
38 7 0
32 18 0
35 10 2
8 7 3
2 30 0
26 16 2
13 9 1
42 30 0
15 4 1
10 8 3
2 9 2
30 19 1
41 23 2
26 30 1
13 28 3
27 27 3
3 23 0
20 1 3
16 23 0
1 28 3
33 5 3
28 23 3
7 4 3
30 30 2
30 33 0
36 33 3
25 2 1
3 15 1
46 16 0
15 19 3
2 20 3
21 27 2
1 20 0
35 1 2
45 3 1
34 33 3
36 8 0
12 27 0
3 25 0
47 25 2
3 31 3
9 3 0
13 17 3
29 19 3
31 6 3
7 14 0
17 5 0
38 31 3
27 15 2
47 28 2
5 32 2
6 28 0
40 2 1
14 20 0
30 31 0
11 17 2
6 34 1
37 16 3
8 11 0
45 31 3
12 4 2
36 24 0
17 20 2
15 17 3
23 35 0
40 35 0
32 4 0
6 24 0
28 18 1
31 9 2
35 8 3
36 23 0
39 32 1
43 9 0
35 30 2
46 35 1
37 27 2
40 25 3
39 1 0
27 10 3
4 30 0
43 12 2
12 7 3
16 8 2
6 17 3
37 30 0
4 22 2
15 12 3
39 5 3
31 19 3
39 19 1
44 14 1
47 27 0
25 27 1
14 8 1
17 30 2
40 29 2
41 18 1
31 1 1
27 24 3
13 11 1
10 23 1
34 22 1
26 5 0
15 29 3
7 35 2
22 1 3
28 28 3
42 1 1
1 17 1
20 14 0
45 26 1
10 24 2
23 21 3
5 16 2
40 8 0
27 11 0
14 13 1
3 11 3
17 3 2
2 7 3
5 28 3
37 6 3
5 34 1
14 17 1
23 7 1
22 33 0
14 34 0
14 16 0
29 6 1
16 34 2
15 27 2
7 6 2
34 25 2
10 18 3
12 20 0
6 22 1
47 8 0
27 30 3
29 23 0
44 12 1
7 17 1
30 16 1
45 33 2
25 33 3
39 34 0
40 7 1
22 27 1
18 3 0
3 28 0
33 23 2
21 25 1
22 4 0
6 12 1
7 18 0
28 31 3
23 29 2
25 30 3
12 18 0
45 18 2
46 20 2
42 33 3
17 35 2
20 18 1
4 32 0
14 28 3
10 25 1
17 7 1
3 3 0
3 22 0
34 3 1
42 26 3
30 5 1
37 32 3
5 20 2
19 32 3
18 18 3
15 33 0
42 27 1
34 5 1
19 23 1
7 9 1
16 9 2
9 21 0
17 32 3
17 15 3
35 14 3
29 27 2
4 9 3
27 35 3
30 6 1
42 5 0
5 9 1
31 18 0
13 22 1
37 4 3
43 24 3
18 21 0
15 28 1
43 30 3
15 24 0
20 21 0
33 29 2
4 7 1
6 29 0
21 31 0
4 24 1
2 33 0
28 35 2
39 17 3
16 6 3
25 14 3
19 33 1
18 35 0
10 33 3
13 31 0
18 16 1
33 2 3
26 34 2
42 34 3
38 35 1
4 12 2
24 29 2
2 16 3
26 28 1
1 27 0
45 21 0
40 16 1
37 15 2
14 14 1
41 28 0
27 23 1
24 27 0
16 17 2
18 10 0
6 30 3
43 14 1
18 27 2
18 26 0
36 30 0
11 8 1
5 21 0
13 19 0
20 34 2
32 31 0
18 8 3
12 13 1
32 33 3
30 26 1
1 35 2
27 9 2
47 22 3
39 18 0
33 33 0
47 13 1
13 7 0
46 13 3
43 4 3
10 11 0
20 12 2
15 11 1
20 35 2
14 33 0
7 11 1
12 17 3
19 8 0
41 24 0
13 16 1
7 33 0
13 8 1
3 29 0
1 18 1
4 19 2
26 13 3
23 15 3
31 33 3
4 23 2
17 10 0
35 22 3
30 24 3
46 4 0
45 24 1
34 32 2
40 26 3
16 15 2
26 6 1
28 27 3
27 25 3
23 5 3
5 22 0
16 2 0
13 27 0
16 29 0
44 19 2
34 31 3
47 26 2
18 5 2
33 8 1
18 12 3
44 17 3
17 25 1
32 19 1
39 16 2
43 22 3
12 1 0
42 31 2
7 1 1
6 20 3
29 34 2
34 1 2
30 34 3
43 33 2
20 10 3
35 16 1
41 25 3
3 7 3
16 18 1
34 2 0
16 13 2
10 30 3
29 2 2
34 16 3
33 16 3
45 13 2
39 7 0
7 23 2
11 15 0
36 27 1
35 20 2
19 30 3
29 28 3
8 27 1
38 3 1
46 9 3
17 2 0
30 27 1
36 12 0
46 34 0
26 20 1
45 14 2
23 34 3
10 10 0
7 24 0
21 34 1
22 32 1
19 16 3
31 23 0
37 28 1
20 17 2
47 1 2
37 3 3
24 21 1
36 21 3
46 27 1
37 26 2
11 34 0
31 20 0
19 11 2
20 22 3
47 2 3
20 33 3
16 11 3
34 19 3
23 24 0
37 18 1
41 14 1
2 10 2
2 21 2
26 11 2
42 15 0
2 35 1
30 20 1
33 35 0
37 11 2
35 27 1
22 18 2
4 1 0
24 4 0
42 29 0
2 24 3
47 31 2
40 18 0
20 24 2
45 11 3
9 20 0
30 32 1
23 6 3
30 10 0
18 1 3
11 18 0
33 4 3
16 20 1
5 15 0
27 33 2
18 11 3
31 22 2
26 35 0
4 26 3
27 5 2
17 24 0
19 10 1
11 26 2
27 18 3
36 28 3
29 31 0
12 31 0
32 26 0
9 23 1
12 15 0
32 5 1
23 20 2
4 11 0
33 20 3
47 30 3
8 15 1
25 19 1
7 28 2
25 24 3
23 11 2
38 17 2
28 15 2
34 30 2
6 13 2
31 24 1
36 26 0
25 32 1
33 1 2
5 17 2
37 14 3
18 29 2
46 25 0
11 9 3
10 27 0
26 27 1
12 34 1
31 5 1
45 2 3
15 2 3
28 7 0
35 33 0
35 23 1
24 6 3
12 35 2
46 1 2
12 26 3
37 35 0
37 33 1
9 8 1
26 14 0
29 14 3
12 8 3
26 24 2
40 11 3
6 2 2
5 33 2
24 28 0
38 20 2
3 30 2
18 28 0
38 19 3
28 13 0
44 4 1
41 8 1
40 20 2
23 25 2
28 9 2
36 5 1
10 14 1
6 15 2
33 7 2
11 20 2
28 34 2
15 15 3
40 6 3
44 5 3
46 19 3
7 2 0
30 13 1
43 32 1
22 22 2
42 35 2
11 13 0
4 2 0
12 25 1
33 26 0
9 31 0
25 20 3
30 18 3
2 18 0
8 6 3
31 28 0
46 24 1
15 25 1
47 11 0
18 20 3
11 33 0
13 15 1
37 21 1
6 27 2
33 30 3
10 9 2
6 23 0
14 4 0
30 8 2
16 25 2
24 34 3
30 3 1
40 17 1
8 13 0
8 30 1
12 32 3
19 21 0
12 6 0
40 9 1
37 1 1
5 31 0
31 3 3
20 19 1
36 14 0
34 29 3
47 23 2
10 4 0