59 83 69
35 15 3
10 43 1
28 80 2
5 62 0
21 22 1
50 18 3
47 21 2
31 25 3
2 52 1
34 70 0
2 37 1
51 57 1
5 68 0
4 31 0
59 42 3
47 63 3
48 55 1
36 31 0
22 17 2
2 2 2
48 34 0
21 76 1
26 16 1
7 79 1
7 14 3
5 41 2
21 34 3
52 59 3
27 80 3
17 28 1
14 3 2
20 48 3
37 41 1
3 56 1
39 51 2
28 14 1
55 23 3
14 51 0
56 20 2
32 3 2
52 40 2
57 35 3
30 28 0
24 13 0
33 35 3
38 10 3
14 17 0
37 15 2
40 16 0
3 6 3
1 19 3
12 28 2
1 23 2
47 10 1
28 64 2
32 2 3
26 27 1
26 35 0
23 43 3
25 52 2
15 72 0
23 26 3
58 76 1
46 75 1
18 15 1
32 33 2
43 19 3
33 14 3
17 38 3