17 64 976
3 54 3
12 11 0
7 57 0
7 24 1
11 45 1
9 38 0
4 47 3
3 52 3
10 54 3
7 25 2
15 50 0
7 3 3
13 39 2
16 18 0
8 9 3
4 60 2
1 12 0
3 53 1
5 35 0
9 56 0
13 7 1
1 2 2
6 34 3
10 33 3
11 43 3
1 14 1
5 7 2
13 8 1
14 35 3
4 2 1
1 59 1
1 34 0
3 49 2
2 58 2
6 39 0
8 44 0
3 10 1
8 3 1
7 19 1
10 41 1
1 17 2
13 17 2
7 48 3
13 38 1
4 13 0
6 45 1
7 47 3
8 58 1
10 19 1
15 36 3
7 29 0
14 2 1
16 63 0
16 64 2
1 15 3
5 42 1
9 60 1
14 26 0
4 53 2
2 7 2
16 57 1
15 24 2
1 42 0
7 31 1
10 29 1
5 19 1
11 36 2
5 3 2
13 3 2
16 45 2
6 26 2
2 33 2
8 35 2
4 58 1
3 44 2
8 26 1
13 16 1
3 11 1
8 12 2
11 31 0
9 11 2
16 38 1
6 42 1
8 60 0
1 58 0
4 48 3
12 23 1
17 2 2
17 37 3
9 53 1
7 46 3
9 21 0
9 35 3
17 51 2
13 47 3
1 10 3
14 56 2
7 7 0
9 9 2
15 5 2
2 54 3
9 44 1
17 55 1
1 47 0
6 55 2
7 15 0
8 23 1
6 52 0
14 28 1
11 25 1
17 24 2
2 11 3
14 29 0
15 53 2
2 36 0
10 10 3
6 15 3
15 19 1
12 59 3
1 32 1
17 20 0
7 63 0
11 50 1
5 63 1
14 49 2
6 30 3
15 38 0
3 12 1
16 31 3
16 24 0
10 49 1
2 41 1
8 52 0
11 6 3
9 40 3
2 25 3
8 49 0
2 17 3
5 15 2
15 4 1
7 51 2
6 50 3
11 47 2
17 29 2
5 64 3
11 29 1
15 17 1
15 45 2
10 22 1
4 11 2
14 57 2
7 20 1
1 61 3
4 44 2
7 40 2
2 28 0
3 26 3
4 61 0
12 33 3
4 22 3
17 50 0
5 43 2
13 40 3
15 1 2
4 40 1
9 59 2
8 29 1
3 57 0
8 31 1
5 1 3
2 43 1
3 55 3
9 33 3
12 6 0
11 64 3
10 46 0
16 1 0
7 17 1
13 42 1
11 51 1
9 61 2
7 56 1
4 32 2
9 45 2
7 9 0
11 54 1
8 24 2
8 63 3
10 27 3
10 32 0
13 62 2
12 63 0
2 19 0
1 24 0
5 56 2
2 27 3
13 1 3
3 29 1
16 56 1
14 30 2
6 38 2
8 55 2
14 17 0
12 47 1
2 34 0
13 56 3
12 34 0
12 31 3
9 3 3
3 58 0
15 56 2
15 3 2
1 27 0
12 30 0
10 60 1
12 50 3
7 59 3
12 17 2
15 13 0
11 14 0
12 1 1
1 35 1
10 5 1
7 35 0
1 20 2
2 50 2
17 40 3
7 43 1
2 22 3
15 46 3
16 9 3
9 62 3
15 20 0
4 19 1
10 7 2
12 43 0
1 36 3
10 23 2
5 33 2
15 61 1
17 31 1
8 14 2
9 24 2
17 56 2
2 62 1
13 50 1
14 54 3
16 3 2
1 38 1
2 31 1
8 16 1
5 54 0
3 41 0
14 21 3
2 35 3
17 44 3
13 60 3
6 43 0
17 14 3
12 35 0
4 6 1
17 18 0
4 15 3
5 32 3
9 46 3
5 40 3
13 9 0
12 14 2
9 27 0
6 48 2
16 62 0
9 17 0
5 39 3
15 8 0
15 35 1
16 30 3
13 34 2
12 52 0
14 27 3
4 4 3
1 46 2
5 34 0
5 30 3
17 17 3
3 8 2
17 21 2
13 36 3
1 31 0
11 24 1
12 55 0
3 38 2
6 63 0
1 3 3
11 34 1
15 29 0
16 36 1
3 37 0
10 35 0
5 61 2
10 15 3
9 10 0
9 47 2
10 21 2
13 2 3
13 22 1
11 9 1
15 15 0
15 25 0
13 25 2
8 18 1
11 28 2
9 19 1
14 15 2
13 54 2
7 10 2
17 11 2
6 59 1
12 22 1
9 8 1
13 18 1
10 20 2
4 16 0
9 63 2
2 1 0
3 39 0
9 51 2
6 9 2
10 17 0
14 22 2
9 64 2
10 40 3
1 13 3
16 5 3
16 21 1
14 5 1
10 50 2
5 24 1
13 49 0
7 26 3
3 35 0
3 6 1
17 23 3
3 22 1
11 55 0
15 11 2
2 26 0
11 37 0
17 35 3
6 56 3
13 59 3
4 1 3
16 32 0
5 52 3
1 49 2
3 5 0
12 44 3
10 9 1
10 28 3
5 9 3
3 36 1
6 44 3
1 21 1
12 62 3
16 35 0
6 6 0
7 62 2
16 6 3
17 10 3
17 25 3
7 36 1
3 48 1
5 16 3
12 29 0
12 49 2
13 46 1
5 48 3
1 43 1
15 43 3
13 30 1
5 6 1
14 20 3
3 18 1
3 33 0
13 31 0
15 63 2
10 18 1
7 12 3
10 34 1
12 5 0
10 44 1
2 49 2
3 2 3
1 51 0
1 5 1
2 21 0
7 1 2
8 38 1
14 25 2
15 32 2
8 43 0
15 7 3
13 11 1
4 27 3
2 32 3
3 56 1
2 55 1
17 54 0
15 18 0
16 20 2
11 27 2
9 39 1
2 15 0
12 26 3
3 50 0
10 4 1
16 13 1
2 46 3
14 61 1
4 42 0
17 26 1
6 54 1
9 22 0
2 2 3
16 33 1
3 9 2
2 53 2
12 10 2
9 34 3
9 25 2
12 28 3
8 41 3
8 2 1
12 18 3
6 64 0
1 48 3
5 17 3
5 23 0
15 62 2
13 26 3
15 33 2
14 18 3
17 59 1
14 63 2
9 37 3
1 53 1
8 42 2
17 28 1
3 4 0
11 61 1
11 8 0
3 13 1
5 22 0
4 26 1
4 10 1
10 11 1
1 23 1
14 31 1
8 7 1
13 44 3
1 9 0
12 4 1
12 36 2
5 53 1
4 12 0
13 14 2
1 41 3
13 41 3
14 34 0
1 16 2
8 37 0
16 2 0
9 48 2
3 23 2
6 32 3
3 46 0
8 50 2
3 7 1
8 34 2
4 24 3
4 34 3
11 26 0
7 52 1
16 23 3
10 42 2
2 38 3
12 24 0
14 64 2
4 36 0
4 39 3
8 54 0
7 28 0
7 49 1
10 30 0
2 20 3
4 49 0
8 56 2
8 28 1
9 49 2
9 15 0
9 30 3
1 18 3
16 37 2
14 1 3
14 38 0
10 52 3
3 20 0
5 44 1
7 58 2
17 47 2
9 42 1
9 29 1
15 58 2
4 55 1
1 8 0
14 60 3
5 45 1
2 63 0
7 41 2
5 50 1
11 40 3
11 16 3
16 8 0
4 35 0
3 19 3
13 63 1
7 23 1
5 21 1
5 27 2
1 22 2
14 9 3
8 62 0
4 23 1
16 48 0
17 45 2
14 11 0
13 10 0
12 64 1
3 60 0
13 55 1
17 60 1
5 47 0
5 2 2
14 10 1
14 48 3
16 25 2
9 57 0
17 22 0
6 1 1
1 39 3
9 2 3
7 38 3
6 60 0
6 23 0
4 31 2
5 4 2
13 12 2
4 45 1
15 44 2
11 32 0
3 34 2
17 15 0
12 9 3
5 60 0
16 4 3
15 34 1
4 30 2
15 12 2
8 17 2
11 35 3
2 13 3
14 4 1
9 31 0
7 42 3
9 55 3
12 56 2
7 11 1
9 16 1
13 4 1
6 62 1
16 16 3
11 44 1
9 26 3
1 50 0
6 28 3
11 48 0
5 59 2
16 50 0
15 51 2
11 21 2
15 10 1
14 41 0
4 5 3
15 16 1
7 45 1
7 60 3
9 43 3
4 21 2
16 55 0
17 12 3
9 52 1
11 20 3
15 42 3
15 37 3
6 25 1
15 47 2
7 5 0
7 55 3
8 33 3
11 13 1
16 34 2
15 31 2
8 53 0
3 14 2
6 4 0
5 62 0
6 19 0
3 51 3
3 59 2
16 53 2
6 7 0
2 23 1
7 54 3
7 4 1
11 30 1
6 12 0
5 28 2
12 37 1
9 23 0
16 7 3
6 31 3
7 53 3
11 49 1
16 60 3
13 45 0
12 51 3
1 62 1
6 40 1
1 40 2
6 3 2
2 12 1
17 49 0
1 7 3
13 5 0
5 41 3
7 50 0
14 44 1
14 46 2
10 61 3
14 32 1
12 21 3
2 56 3
5 58 0
1 29 1
5 25 3
17 46 2
15 52 1
4 9 1
17 5 2
11 42 2
2 24 3
3 32 0
13 51 0
15 9 0
6 20 1
16 28 2
1 19 2
11 12 2
11 57 1
2 5 2
2 48 3
12 7 0
16 22 1
3 62 0
16 19 3
13 64 1
4 25 3
6 35 1
16 40 2
5 20 3
11 17 2
6 5 3
15 30 1
17 3 2
9 50 1
11 23 0
3 25 3
2 30 3
12 48 3
8 19 0
12 2 2
4 37 3
4 51 1
8 36 1
14 3 3
10 2 0
11 39 3
8 8 0
5 31 2
17 53 0
10 24 1
12 57 2
8 40 3
4 17 1
9 20 3
14 24 1
6 58 1
11 63 1
7 6 1
4 8 2
11 53 1
3 30 1
10 63 2
16 46 0
11 4 2
4 18 1
17 13 2
5 13 3
17 62 2
15 23 0
10 59 1
6 8 2
6 41 2
2 61 1
2 47 2
9 14 0
14 45 0
6 53 0
13 33 2
17 34 3
15 54 0
11 60 0
5 5 0
2 6 3
10 36 0
3 24 3
2 8 0
12 39 2
7 16 0
14 47 0
16 43 0
12 20 3
14 43 1
7 61 0
17 19 0
2 44 1
6 16 1
16 15 1
5 46 0
8 1 1
8 32 0
2 64 0
14 33 0
15 57 0
4 43 0
4 64 2
16 59 0
10 3 2
3 31 0
5 36 0
11 15 3
7 34 2
17 9 2
17 63 0
4 57 3
14 55 3
9 13 1
3 47 3
4 50 3
6 61 3
11 52 2
17 16 0
13 52 0
9 36 2
8 59 3
7 22 2
12 38 1
2 9 2
8 45 2
3 45 0
1 55 2
6 51 2
8 11 3
15 22 2
10 47 1
9 41 2
11 41 1
1 45 2
6 29 1
1 33 2
17 43 3
6 2 3
14 8 0
4 28 2
14 12 3
8 51 2
5 18 0
10 39 1
17 38 0
6 21 1
4 52 0
15 14 1
12 58 0
16 39 3
1 26 2
2 42 3
14 37 2
3 3 0
17 41 3
10 31 0
5 38 0
15 48 0
13 28 0
6 36 3
7 13 0
1 37 1
8 39 1
4 56 0
11 59 0
5 11 1
1 6 1
16 41 1
14 58 2
2 29 0
16 17 1
7 64 3
3 64 0
7 27 2
9 4 1
10 12 3
13 13 3
7 30 2
11 46 0
3 27 0
17 36 0
6 13 3
10 45 1
8 46 3
6 47 1
17 48 2
14 42 1
5 8 1
5 49 0
6 49 1
1 64 0
7 2 1
16 61 2
1 25 1
13 24 2
14 7 3
4 41 3
10 43 0
17 7 0
14 16 0
5 29 1
10 51 2
3 16 2
11 62 0
12 13 0
17 42 3
7 18 1
8 61 3
8 27 0
3 40 0
17 8 1
11 56 0
7 14 2
10 8 3
12 27 0
10 1 3
16 47 2
12 41 2
4 54 0
6 33 0
2 57 1
10 26 2
16 49 3
17 57 2
6 57 0
4 33 3
10 57 0
2 52 0
12 54 0
10 55 2
16 44 1
17 1 1
15 6 0
13 43 0
14 13 1
1 11 1
4 14 3
10 38 2
1 57 3
17 32 2
15 26 1
6 18 3
11 10 0
3 63 3
9 58 0
12 45 3
16 27 3
14 36 1
2 59 3
6 14 0
8 21 1
5 51 0
4 29 2
9 1 2
6 27 2
7 32 0
4 63 0
1 56 1
10 6 3
5 14 3
16 26 3
13 32 0
16 51 3
14 51 0
2 18 2
8 15 3
16 52 1
10 25 3
12 40 0
3 43 2
7 33 2
13 6 1
2 51 0
8 6 2
17 27 1
8 25 0
12 61 3
17 61 3
4 62 2
10 62 2
9 32 0
12 53 2
1 30 1
1 60 1
13 35 3
5 12 0
13 20 0
12 12 1
16 11 2
12 16 0
3 21 3
6 37 2
8 20 0
13 53 1
14 62 3
13 57 2
2 60 0
2 10 0
6 10 3
15 55 3
14 14 3
15 40 0
17 33 3
10 37 3
16 58 1
2 16 3
2 14 1
1 28 1
13 61 2
12 32 1
13 21 2
15 39 3
10 64 3
7 39 1
2 40 0
3 1 2
15 27 0
2 39 3
10 14 2
16 12 2
12 3 1
4 59 0
11 58 3