82 46 3210
50 2 0
19 6 0
35 24 1
42 44 1
37 8 2
28 42 3
68 32 0
21 46 3
32 18 1
72 36 3
17 17 1
13 8 2
72 38 2
23 46 1
15 41 3
77 34 0
29 15 0
76 46 1
66 39 3
30 40 2
6 38 3
12 12 2
24 44 1
62 35 0
71 13 2
11 11 2
57 13 0
31 19 3
17 7 0
74 43 2
37 14 1
51 5 2
69 30 1
17 39 3
51 9 2
14 41 1
14 12 2
30 21 3
73 30 0
60 17 0
49 4 2
40 13 2
60 40 3
22 1 1
64 26 2
70 18 2
73 1 0
35 31 0
31 45 2
18 35 3
32 37 1
65 39 1
55 33 0
43 13 0
73 29 0
33 11 1
21 18 2
58 27 3
19 23 0
34 39 2
60 1 2
44 9 2
77 29 2
62 25 2
44 38 1
9 44 1
18 33 2
4 31 3
5 41 1
36 13 3
22 13 2
30 15 3
31 23 3
27 1 3
34 34 1
44 15 0
4 30 2
47 14 3
13 38 2
25 44 3
36 42 3
3 24 2
35 25 1
52 28 2
12 7 2
1 25 1
20 5 1
78 37 2
74 25 0
11 26 0
50 15 1
56 16 2
40 5 2
70 10 2
78 43 0
17 36 1
23 41 2
28 29 1
66 41 3
53 21 0
56 14 3
15 14 1
37 9 2
17 8 3
50 39 2
9 34 0
1 17 0
30 11 0
42 40 3
32 21 1
77 10 3
57 31 0
77 45 2
7 25 0
14 36 3
14 10 3
40 21 0
65 11 3
38 44 2
2 32 0
8 15 2
13 43 2
20 42 3
82 8 1
27 14 2
50 38 0
47 27 0
19 31 1
7 28 3
49 37 1
22 6 2
53 26 1
70 35 3
20 6 3
61 33 1
23 11 0
5 13 0
48 23 3
60 33 3
6 12 3
13 39 2
78 35 2
19 10 1
1 12 3
2 28 3
19 40 3
58 4 0
82 40 1
47 6 3
32 1 3
4 29 3
73 25 3
5 42 2
16 16 1
78 6 0
78 31 3
30 36 1
49 11 1
62 38 1
66 34 1
46 12 0
43 20 1
64 40 1
63 35 1
60 8 0
78 42 1
50 30 0
50 34 0
19 33 1
23 42 2
65 5 1
74 23 0
33 31 0
11 45 0
57 44 1
59 11 0
24 9 2
70 36 3
54 4 3
81 15 1
31 44 2
66 2 3
9 14 1
82 7 1
22 37 2
79 44 2
67 35 2
64 35 2
82 30 0
74 26 1
31 4 3
57 22 1
41 20 2
21 6 2
44 42 0
31 33 3
54 1 0
23 34 2
53 1 0
44 28 3
81 1 1
3 29 1
54 8 1
60 18 0
61 39 0
31 10 1
14 4 0
40 24 3
7 3 2
36 12 2
47 41 2
73 45 2
79 28 2
53 15 2
68 23 0
82 35 1
2 6 0
1 28 3
76 4 0
6 33 2
9 15 1
11 8 3
59 30 1
51 21 1
13 30 2
22 35 0
37 26 3
9 42 1
34 8 3
1 26 3
22 39 2
51 27 3
34 26 0
43 36 2
35 18 0
41 23 3
46 3 1
1 38 2
66 11 3
24 29 1
50 40 1
49 30 0
39 1 3
24 28 3
6 34 1
77 14 0
29 36 0
31 22 0
41 40 0
40 43 0
24 38 3
48 35 1
72 44 3
31 3 0
5 43 3
19 2 2
18 40 2
82 4 2
54 26 2
6 23 0
46 7 1
53 11 2
6 17 1
38 36 0
65 30 0
69 45 1
74 34 3
33 7 3
82 16 0
45 18 3
76 31 3
42 20 0
61 19 2
17 23 3
11 12 3
7 41 1
57 9 3
39 26 2
52 8 3
62 1 0
38 1 0
7 33 2
15 24 2
75 18 2
62 19 3
71 6 3
31 28 3
4 32 2
75 36 2
21 32 0
72 28 2
23 26 1
79 12 3
28 46 2
78 41 0
21 8 0
71 4 1
62 12 1
2 29 2
16 26 3
45 12 1
62 4 3
14 6 2
48 43 3
55 18 3
46 23 3
53 37 3
35 45 3
60 16 2
6 2 1
53 6 1
59 6 1
37 35 3
54 35 2
15 8 0
79 35 1
5 39 1
64 10 0
65 23 2
22 29 3
33 13 3
82 10 2
60 22 1
79 7 1
69 28 2
42 38 0
63 11 2
5 29 2
38 4 0
28 12 2
30 31 3
26 42 2
27 7 3
52 21 2
82 44 0
30 19 3
68 5 1
50 44 3
20 24 2
70 44 0
33 24 2
25 39 0
51 26 3
46 35 0
5 5 1
25 11 3
7 39 3
10 42 3
76 17 3
4 2 3
70 40 2
61 10 1
47 12 3
2 10 0
75 19 1
65 37 3
40 37 3
45 7 2
60 31 1
55 41 0
75 13 2
7 14 1
10 25 0
3 1 3
56 8 1
32 27 0
25 18 0
70 4 2
66 6 0
63 10 2
2 35 3
32 40 3
4 42 3
77 21 2
33 27 2
40 27 2
10 40 3
8 16 3
23 43 0
43 30 2
24 26 2
70 1 0
41 15 3
62 27 1
6 27 0
17 6 3
35 1 0
14 18 0
1 27 0
76 16 2
2 46 2
23 27 1
5 19 0
77 37 1
71 42 3
43 14 2
81 8 0
42 16 2
62 3 3
8 1 0
40 34 1
25 12 0
3 33 0
14 46 2
59 34 0
63 12 0
38 2 1
68 3 3
65 4 1
67 43 1
33 29 3
44 10 3
49 25 3
3 26 1
19 41 3
52 36 1
73 36 3
33 14 2
28 17 3
66 9 0
48 39 2
9 36 1
30 25 0
45 38 0
45 25 2
69 6 3
69 10 3
25 9 3
29 34 1
5 30 2
74 46 2
80 35 0
40 46 0
39 10 1
35 37 3
33 46 2
51 45 2
3 41 2
2 30 1
72 1 2
39 41 3
62 28 0
12 26 1
66 37 3
8 41 1
62 16 0
51 42 2
74 38 2
27 2 3
40 39 0
47 26 0
63 4 0
16 4 2
12 46 2
47 16 0
32 34 3
67 27 1
68 12 2
61 31 0
15 13 2
12 30 0
35 34 2
68 8 3
38 38 2
71 5 3
82 22 3
26 23 3
50 12 1
50 17 3
37 7 0
3 22 1
25 46 1
81 10 0
2 31 2
61 3 1
36 7 2
17 29 1
16 41 2
11 7 3
4 23 0
64 22 2
2 13 0
54 37 1
57 18 1
76 2 2
29 32 2
44 33 2
1 45 3
26 3 0
76 36 3
4 17 0
8 44 0
59 26 1
47 18 0
74 24 2
54 41 2
46 14 0
12 42 3
64 13 0
56 17 2
27 21 1
50 20 3
66 40 3
22 42 1
68 9 2
24 6 0
6 11 3
29 44 0
64 15 2
24 13 2
61 17 0
45 34 1
72 41 3
52 34 1
30 8 1
58 10 0
37 38 2
43 17 3
54 45 2
12 35 2
39 21 0
73 28 0
40 38 2
68 19 1
51 17 1
44 44 3
17 4 0
6 19 2
42 25 2
44 7 0
25 5 0
36 4 3
52 11 0
56 15 0
21 26 1
9 28 0
18 30 3
73 44 3
65 16 2
24 14 2
30 6 2
23 30 1
8 2 1
59 41 2
78 2 3
66 46 1
9 29 0
55 43 1
10 43 0
25 30 3
32 38 0
41 43 2
3 31 0
52 6 3
65 3 2
11 15 0
68 41 2
1 2 0
31 43 3
7 19 3
23 9 0
11 6 2
60 19 3
8 34 1
36 17 3
58 38 1
56 18 1
81 3 1
32 4 1
75 28 0
68 46 0
51 8 0
35 26 0
64 28 0
64 41 2
44 41 0
48 13 2
21 23 1
28 10 3
67 38 0
23 19 2
55 34 3
38 12 3
71 12 1
13 4 3
57 15 0
39 12 0
10 24 2
16 17 3
69 31 1
13 26 3
55 25 3
48 14 3
44 37 2
18 9 1
74 19 0
21 30 3
61 23 0
47 10 0
57 3 1
7 6 3
49 26 1
8 18 3
24 35 2
61 28 1
67 36 2
32 12 1
2 3 1
44 39 3
71 21 2
10 7 2
29 20 0
47 38 1
55 27 0
43 11 3
24 10 0
41 5 1
19 42 2
7 18 0
70 30 1
7 31 1
69 37 2
29 1 3
46 15 2
18 44 1
81 9 3
61 43 2
25 28 3
5 37 3
18 22 0
64 19 3
71 15 2
35 30 1
78 1 3
60 34 0
20 21 3
41 25 2
77 8 2
77 7 0
18 6 0
57 4 0
36 33 3
66 35 0
78 13 0
22 27 1
29 19 2
42 29 0
37 16 1
47 43 2
52 1 0
69 8 2
78 19 1
3 40 1
6 41 0
45 28 1
44 30 0
40 25 2
47 11 2
8 32 0
63 6 1
41 29 1
61 29 2
46 44 2
45 24 2
29 42 1
55 46 2
21 44 2
56 20 2
70 28 3
80 39 2
72 11 0
22 7 2
6 22 3
12 23 0
28 22 1
74 7 2
24 31 1
49 46 2
15 37 0
27 34 2
55 2 0
52 12 2
60 21 2
72 45 0
21 28 0
75 11 3
60 5 2
39 38 0
12 27 0
22 2 0
21 5 1
11 28 1
8 13 2
7 35 1
11 21 0
43 45 1
46 41 0
61 37 2
42 14 1
53 19 3
63 24 3
25 7 1
30 13 2
29 9 0
26 6 3
62 36 3
10 21 0
45 36 0
49 16 1
22 10 1
71 9 2
53 39 1
76 21 1
5 16 0
44 11 1
68 29 0
82 5 2
8 46 1
12 36 0
22 15 1
33 34 0
41 21 0
73 34 1
65 44 1
37 34 2
5 8 1
79 29 0
50 25 3
78 9 1
32 7 1
16 46 3
18 5 0
41 11 2
58 14 1
17 31 1
37 20 2
63 42 2
8 4 3
35 4 0
11 24 3
66 30 3
15 1 3
3 5 2
57 42 0
2 4 3
76 5 1
65 21 0
1 20 2
80 19 3
61 40 0
4 9 0
68 10 2
66 36 3
38 22 3
69 27 3
71 30 3
44 34 2
51 39 0
73 46 1
13 19 1
23 22 3
31 12 0
10 23 3
7 10 3
82 39 3
81 40 1
65 41 2
20 45 2
6 46 0
8 9 0
37 12 2
68 34 3
62 24 3
17 46 0
77 22 1
21 13 1
42 12 2
4 7 3
57 39 0
58 39 2
4 5 3
14 9 1
73 4 3
65 1 0
7 23 1
17 38 2
23 1 0
23 14 0
16 3 0
81 36 1
4 38 0
51 12 1
25 15 0
67 3 1
34 31 2
50 31 2
72 16 3
69 40 1
69 39 1
42 10 0
82 20 1
55 35 2
72 6 1
58 43 3
10 26 1
42 32 1
35 7 2
62 5 0
40 14 2
29 3 3
5 12 3
18 17 0
4 40 0
9 45 3
28 23 2
47 25 2
79 38 0
20 26 0
22 36 2
65 14 0
1 9 3
71 38 1
21 16 3
9 18 1
9 35 1
58 2 0
27 29 2
78 45 0
61 18 3
55 23 1
50 45 2
55 37 0
34 44 2
13 36 2
57 36 0
57 37 3
72 4 0
74 21 3
9 32 2
19 44 1
23 24 0
32 3 2
23 32 3
75 46 0
35 38 1
71 25 0
12 2 2
3 14 3
55 42 1
8 25 3
26 14 3
2 20 2
77 17 0
21 34 0
63 7 1
59 24 0
81 32 0
9 23 2
59 35 3
32 13 3
4 10 3
27 28 3
65 34 1
58 42 0
23 6 3
82 2 3
75 8 3
81 42 1
73 41 0
7 12 2
77 2 0
45 31 1
12 11 3
29 2 2
52 24 3
71 39 2
66 45 2
75 33 2
64 14 2
8 3 2
33 9 1
25 20 3
19 16 3
29 46 1
62 31 0
72 13 0
1 5 2
81 38 1
59 28 0
68 15 2
34 33 2
33 33 2
40 6 2
48 26 3
60 11 0
17 33 3
2 43 0
30 2 1
7 15 2
44 1 3
37 1 2
6 24 3
13 37 0
81 28 2
78 11 2
61 35 2
61 45 3
38 21 3
21 33 2
36 32 0
66 29 1
53 7 2
4 18 3
65 9 2
79 22 2
69 26 1
79 16 1
29 17 0
41 10 2
27 46 2
53 43 2
4 6 3
3 9 1
17 3 0
53 18 0
66 8 0
68 25 0
68 2 3
78 40 3
73 20 1
26 30 2
72 25 1
82 15 2
8 14 0
10 14 2
4 14 1
41 2 1
8 19 2
22 30 0
52 37 2
64 45 1
2 25 1
45 33 2
39 13 3
82 12 3
20 32 1
49 7 2
79 8 0
23 37 2
68 17 0
7 1 3
76 18 2
55 16 1
39 31 2
60 9 3
3 46 0
23 12 1
36 43 3
25 36 0
1 39 1
65 17 3
28 11 2
43 44 2
30 45 2
34 37 1
64 37 1
11 22 2
42 13 2
70 13 3
43 35 0
45 27 3
40 7 0
80 20 0
55 1 3
25 2 3
29 31 2
47 37 2
32 20 3
19 4 3
9 40 2
57 33 2
54 14 2
47 30 2
12 22 1
4 25 1
45 21 3
63 15 0
78 33 3
76 41 1
49 15 1
2 11 2
76 9 1
18 15 3
58 46 1
40 42 1
16 14 2
39 20 1
28 32 3
64 29 1
38 13 0
21 45 2
50 42 3
49 6 1
22 3 1
21 41 1
45 46 1
27 24 2
3 36 3
48 8 0
77 15 0
56 37 0
41 30 0
36 1 1
31 2 1
59 42 1
8 30 0
26 4 3
48 17 2
57 25 3
7 7 0
52 32 1
42 26 1
70 46 1
58 25 0
66 3 0
50 6 1
50 4 3
42 39 3
20 46 0
20 36 3
4 15 1
12 24 2
49 34 0
14 24 0
22 32 3
59 12 1
49 33 0
47 8 3
19 14 2
14 25 1
53 34 1
33 5 2
25 42 3
54 25 1
64 20 1
66 10 2
48 31 3
54 34 1
11 36 3
7 30 3
68 24 1
32 25 3
29 21 1
27 16 1
28 26 1
16 22 1
57 27 2
14 43 2
31 30 2
74 22 2
29 29 0
80 3 2
34 12 2
66 38 2
19 46 3
23 16 1
30 30 0
60 44 3
57 32 0
33 44 2
25 38 2
45 13 0
39 16 0
21 17 0
19 20 3
55 3 3
60 30 1
71 36 3
56 5 0
7 5 3
57 12 3
41 34 3
53 36 0
14 40 0
41 6 2
76 30 2
7 20 2
23 25 2
74 16 0
18 29 1
80 1 1
21 19 1
12 43 2
31 41 3
11 39 0
71 16 1
55 20 1
51 31 2
39 11 1
70 20 3
11 14 1
5 33 0
49 35 2
75 30 1
72 10 2
49 19 1
17 5 1
53 3 1
71 1 1
42 36 2
58 23 2
22 38 2
42 27 3
5 25 3
79 18 1
34 29 2
45 19 1
57 16 1
34 40 3
5 7 0
58 40 0
76 13 2
38 40 0
16 44 3
40 35 0
55 39 3
69 23 3
13 42 3
72 8 3
7 16 2
36 29 1
16 10 2
56 28 2
34 30 3
48 7 1
22 24 0
32 14 3
66 20 0
74 17 2
41 12 0
80 10 1
54 27 1
27 6 1
31 29 2
55 26 3
51 24 3
21 21 0
10 13 2
35 43 2
5 46 2
6 32 0
52 14 3
61 15 1
62 22 3
21 4 0
10 11 3
37 23 3
50 23 1
59 17 3
63 32 2
38 9 3
39 37 0
18 41 2
48 9 2
44 27 2
46 1 2
57 38 2
75 12 2
13 41 0
40 41 3
6 5 1
45 17 1
43 7 1
52 45 0
53 2 0
51 6 0
58 9 0
10 35 2
62 29 0
45 16 1
23 45 3
57 1 3
45 8 2
52 5 2
69 36 3
11 23 3
2 37 3
20 4 0
76 24 3
52 46 1
26 21 1
18 7 1
67 37 0
65 19 3
45 4 0
26 1 1
20 9 2
78 23 1
57 29 2
33 1 1
20 27 2
28 25 1
54 12 1
27 3 0
4 1 0
11 4 1
78 18 0
58 44 0
78 34 3
32 15 1
41 14 3
42 28 0
76 25 1
38 29 1
4 26 1
56 39 3
79 6 2
67 42 2
20 43 3
7 4 3
47 15 3
18 24 1
4 20 2
6 18 1
60 39 3
10 38 0
10 44 0
79 31 1
23 28 0
48 3 2
25 6 0
40 9 2
6 3 1
8 36 3
78 32 0
18 28 3
62 41 1
59 5 0
52 22 3
63 21 1
46 34 1
45 40 1
40 36 2
41 31 2
73 33 0
2 17 2
9 5 3
39 9 1
14 3 1
71 17 2
61 2 2
25 3 2
20 39 0
19 25 1
1 7 0
43 28 3
15 18 3
43 33 2
78 8 1
45 41 1
33 42 1
71 2 0
78 36 2
18 2 2
79 27 2
51 1 3
30 35 2
64 24 1
10 41 1
18 26 3
74 11 1
23 29 3
36 22 1
37 10 0
12 6 1
13 28 1
72 40 1
70 38 2
27 39 2
39 29 1
67 32 0
26 28 2
26 37 1
35 9 3
44 22 3
15 5 1
67 25 3
30 10 1
51 14 0
71 7 3
73 19 3
28 8 0
35 27 1
27 9 2
67 8 1
61 41 2
22 46 2
58 8 3
23 44 3
45 39 0
73 32 0
53 35 2
60 6 2
3 16 2
57 43 1
42 42 0
60 36 1
81 16 0
2 23 0
45 15 1
7 26 0
48 38 3
62 46 0
77 36 3
5 22 1
26 33 0
7 2 2
64 5 1
5 14 0
70 15 2
56 33 3
34 15 3
13 3 2
16 37 1
21 27 1
40 26 3
20 8 2
30 29 1
42 24 1
33 2 2
37 13 2
72 34 2
52 31 2
70 12 1
20 12 0
3 27 0
2 12 1
46 31 2
5 9 3
1 35 0
81 35 2
64 23 2
13 35 0
77 9 0
48 21 2
20 7 0
67 28 0
68 6 1
31 40 0
51 18 3
80 2 1
31 38 1
74 2 0
67 5 3
80 14 0
71 8 3
69 33 3
42 41 1
21 38 0
1 16 0
29 25 2
26 13 2
62 26 2
58 1 0
82 29 2
52 19 3
16 5 0
56 29 2
67 26 0
76 35 2
17 35 3
36 5 2
36 46 3
10 28 2
68 30 3
35 39 2
63 30 0
58 41 1
24 16 1
70 27 1
36 3 2
42 5 0
54 11 3
76 8 1
1 19 3
13 31 1
67 40 2
21 31 3
76 32 3
31 35 3
66 14 3
14 38 3
53 31 0
59 1 2
59 46 1
52 13 0
31 34 2
37 29 3
60 32 1
17 1 0
35 22 0
18 12 2
67 1 1
53 14 3
69 44 0
33 21 0
43 46 2
8 26 2
53 45 2
49 45 2
7 37 3
75 39 0
56 4 2
55 12 3
36 39 1
74 35 2
64 21 0
16 18 1
79 19 1
68 1 1
32 39 1
69 19 1
61 8 1
57 46 1
61 46 3
80 28 2
10 46 0
34 14 3
19 8 2
6 31 0
82 6 0
62 8 3
66 24 3
38 43 0
71 29 1
1 43 2
15 43 3
82 19 2
59 22 3
26 45 0
4 33 2
19 32 1
43 18 2
70 2 2
6 9 3
13 25 3
49 28 3
42 3 1
44 46 0
38 14 3
45 32 2
47 1 2
12 17 1
48 2 3
11 13 0
73 40 3
30 28 3
4 35 1
77 31 0
1 14 0
27 20 2
6 8 1
60 15 1
70 11 3
56 3 2
35 20 1
25 23 1
70 23 1
6 35 3
13 45 3
62 10 1
34 36 0
43 43 2
82 23 1
26 41 1
60 46 1
76 22 2
80 16 2
55 22 1
75 1 3
25 26 2
2 41 2
62 6 3
76 34 0
64 8 3
43 29 2
46 19 2
71 43 1
65 31 0
27 45 3
10 8 2
51 11 1
51 22 1
5 24 3
34 1 0
55 29 3
70 16 2
80 26 0
35 33 1
1 29 2
52 26 0
13 46 1
14 19 2
34 10 3
71 23 3
75 15 1
38 46 3
2 45 3
28 16 3
63 31 1
37 28 2
4 12 2
75 24 0
20 14 2
1 30 2
38 30 2
65 25 1
55 32 3
1 15 1
59 9 1
49 5 3
48 36 1
50 7 0
50 5 3
39 27 3
52 18 3
42 31 0
22 16 2
60 24 1
34 24 0
61 21 3
78 28 2
54 43 0
12 4 2
15 32 1
42 2 2
49 9 3
33 17 3
44 13 0
47 5 1
38 24 1
50 32 3
9 21 1
63 34 2
60 7 0
72 39 0
38 23 2
39 14 0
63 29 2
22 41 1
30 39 1
30 33 3
80 43 0
74 9 2
17 16 1
69 5 3
52 30 2
14 23 2
69 25 3
31 6 3
43 12 1
54 19 1
39 43 1
78 16 1
27 17 3
10 36 2
18 34 2
48 18 3
30 26 0
43 23 2
41 17 2
72 29 1
5 20 3
52 9 0
59 32 0
52 4 0
19 1 1
4 22 2
42 15 0
6 42 1
64 43 2
18 45 0
32 6 3
13 18 0
29 8 0
15 28 0
74 3 2
26 25 2
20 35 3
59 18 1
62 44 2
1 42 3
56 41 3
67 23 1
58 5 0
61 32 0
35 16 2
55 7 0
40 40 1
1 44 0
53 16 1
75 41 1
62 15 0
77 1 3
28 21 0
14 16 1
19 30 1
11 10 1
11 16 0
27 36 1
75 37 3
53 13 1
70 41 2
66 44 3
29 35 3
72 33 0
22 9 3
31 25 0
62 23 1
48 40 0
76 14 3
30 5 3
46 6 1
36 15 0
33 20 2
27 23 0
71 45 0
18 16 0
32 45 3
54 2 2
21 43 1
51 34 2
65 15 0
14 14 2
47 3 3
39 32 3
69 42 2
59 13 1
35 28 3
7 46 3
62 37 3
43 4 1
42 7 3
67 13 2
71 40 3
71 46 3
22 20 1
70 45 1
28 34 3
78 22 1
33 41 0
40 17 0
33 37 1
32 8 2
56 40 0
67 29 1
51 20 3
3 39 2
18 27 3
27 32 2
8 22 0
70 5 1
2 16 3
55 45 1
49 38 2
56 32 1
45 2 2
63 37 2
6 44 0
30 9 2
40 32 1
78 12 1
44 23 2
65 22 3
73 22 2
58 24 1
46 16 0
35 19 1
17 44 0
69 12 0
64 12 0
40 23 3
56 34 1
47 23 3
81 27 2
16 32 0
48 37 0
36 24 3
38 15 1
3 12 1
41 39 2
63 3 2
37 39 3
3 43 1
31 18 2
77 46 1
44 45 3
17 12 2
63 36 1
15 17 1
3 30 1
74 44 3
59 36 2
55 8 1
61 9 1
11 25 1
58 36 0
40 11 0
31 39 2
37 4 0
62 13 1
59 43 2
47 31 1
69 7 3
36 19 2
22 21 3
9 19 3
71 11 1
44 21 1
22 19 1
35 41 1
27 31 2
71 26 1
54 24 1
80 33 3
1 18 0
60 12 3
42 9 1
35 35 0
60 10 0
31 21 1
64 39 0
41 22 2
72 12 1
5 45 3
74 30 0
4 13 1
59 10 2
18 10 0
55 11 3
43 32 1
56 31 2
62 30 3
21 37 2
38 32 3
62 32 1
65 20 1
26 7 3
73 6 0
54 7 0
4 34 1
59 2 2
37 15 2
38 26 0
65 33 0
49 41 0
70 32 2
81 21 1
63 5 1
77 26 2
62 17 3
60 13 0
49 20 2
68 31 3
24 41 1
74 1 2
44 19 3
39 15 0
66 31 1
50 10 1
76 42 1
11 19 0
7 40 1
28 3 1
3 28 2
11 17 3
81 4 3
66 15 2
10 5 2
22 28 1
20 3 1
50 46 2
39 30 1
71 33 3
71 34 1
3 23 3
32 36 1
41 27 0
44 17 0
48 29 0
62 11 2
48 6 2
16 15 1
77 20 1
52 7 3
39 17 3
5 44 2
44 36 3
24 15 0
38 17 0
38 5 1
67 41 2
14 8 1
2 44 0
26 26 2
69 22 2
22 23 0
71 27 1
43 38 3
51 29 1
43 3 0
22 11 2
44 8 0
74 40 3
26 22 2
63 20 0
79 43 3
18 13 2
76 1 0
28 27 0
1 8 2
44 29 2
80 46 3
57 8 3
10 45 1
56 26 3
25 16 1
79 1 0
9 27 1
9 20 3
33 26 2
3 2 0
2 40 1
53 20 0
27 33 2
72 43 3
25 24 0
64 11 3
8 23 0
9 30 1
62 21 3
37 24 1
37 32 1
49 42 0
46 36 0
25 41 0
8 20 0
28 36 1
40 19 3
67 21 2
8 7 2
77 27 1
44 25 1
34 7 3
61 26 0
73 23 2
57 45 2
55 10 2
78 14 3
45 43 0
30 43 3
33 25 3
32 16 3
16 21 3
42 18 1
51 25 2
38 3 0
10 1 2
65 6 3
41 33 3
56 1 0
71 35 3
37 45 2
37 31 2
75 23 3
58 21 3
58 6 2
74 10 1
74 45 3
55 24 3
53 27 1
9 41 0
82 27 0
11 5 3
51 35 1
46 8 1
6 40 1
20 22 0
32 17 0
31 20 0
8 17 1
37 6 3
65 24 1
82 31 1
75 45 1
24 37 1
54 44 3
22 25 2
51 33 2
58 34 0
80 22 2
66 23 3
65 46 1
8 37 3
80 17 3
26 34 3
26 31 0
56 6 0
78 46 2
69 35 1
78 10 2
36 2 3
64 34 3
36 35 2
12 25 1
34 2 3
15 23 0
17 40 0
46 11 1
17 20 3
79 3 1
28 15 2
63 19 3
29 45 2
73 43 0
54 46 0
45 23 0
69 20 2
5 4 3
15 39 0
46 4 1
19 35 0
16 42 2
53 5 3
44 26 1
49 43 3
34 16 3
67 16 2
73 37 1
64 16 2
40 1 3
30 41 1
51 7 1
16 35 3
69 14 0
67 17 2
30 34 2
47 4 1
42 11 1
19 29 1
52 10 3
58 19 2
15 11 0
38 45 3
47 21 1
79 26 3
4 4 0
61 27 1
6 16 0
33 32 1
67 18 1
18 8 1
16 30 2
45 35 2
77 19 3
9 43 1
60 2 1
28 28 1
71 19 0
31 26 1
32 2 3
77 32 0
43 25 2
20 20 0
19 12 3
8 11 2
31 9 1
65 27 0
81 29 3
44 31 1
5 18 1
14 34 1
68 35 3
19 28 0
65 13 2
72 35 2
31 13 2
41 44 0
15 29 2
67 31 0
51 36 0
58 45 3
76 7 0
20 16 0
14 26 2
58 33 1
26 11 1
68 21 2
44 14 1
26 8 0
9 11 2
19 38 3
2 9 3
4 8 2
33 12 3
2 15 1
72 23 1
14 44 3
73 12 1
34 22 3
70 25 1
14 35 1
48 30 1
42 21 0
43 42 0
24 42 3
10 3 2
21 11 2
68 22 2
74 8 3
11 34 0
68 36 1
13 20 2
66 4 2
11 35 0
34 27 0
79 14 2
3 25 3
74 4 0
15 30 0
22 14 1
1 36 1
56 43 3
67 30 1
54 10 1
11 1 2
66 42 0
59 31 3
17 30 2
50 14 1
78 7 0
1 11 1
35 12 1
16 1 0
40 44 0
20 15 3
3 35 2
70 19 2
73 11 1
44 40 3
15 34 3
10 2 0
61 1 0
81 22 1
45 37 3
63 2 1
29 5 1
2 19 3
81 7 1
28 9 2
32 31 1
18 21 0
51 46 0
75 34 3
37 44 3
24 24 0
59 29 2
8 45 0
72 9 3
9 33 3
42 43 1
7 29 1
39 25 3
9 13 3
39 23 0
48 10 0
15 4 0
81 13 0
80 8 1
9 9 0
24 36 0
25 13 0
51 44 2
81 34 1
4 43 3
16 9 3
49 36 2
27 13 1
25 33 2
14 39 0
26 32 2
20 2 1
82 41 1
73 18 1
35 13 2
75 21 3
28 40 0
46 2 3
6 30 3
23 21 2
9 24 0
32 46 3
29 33 2
21 39 3
29 7 0
78 5 0
23 23 3
23 7 1
28 35 3
78 29 2
21 2 1
76 20 3
59 7 0
59 27 0
56 21 2
32 44 3
64 9 3
36 26 3
27 18 1
32 28 2
46 18 0
9 22 3
46 20 2
21 1 2
46 22 2
61 13 2
38 6 1
63 33 1
37 30 1
54 3 0
13 33 2
8 29 0
45 20 3
42 8 0
64 30 2
55 9 3
1 40 1
17 34 3
67 46 2
17 37 3
76 15 1
74 32 3
78 30 0
63 38 3
32 26 1
80 34 3
77 42 3
2 22 1
34 42 0
33 15 2
80 12 2
41 36 2
17 24 1
2 1 2
36 23 3
65 40 0
23 39 1
56 7 0
34 3 0
52 39 0
54 33 0
48 33 2
40 28 1
37 41 2
13 10 0
14 5 1
40 31 0
46 38 2
29 38 3
15 38 1
41 32 1
70 17 3
62 33 3
21 22 3
30 37 3
51 15 3
38 25 0
50 18 3
15 36 3
35 11 2
74 28 2
56 27 0
43 24 2
74 33 1
32 32 1
35 40 2
67 6 3
49 21 1
26 35 2
16 19 1
21 12 1
66 19 1
49 2 3
73 39 0
51 32 2
79 2 3
14 42 1
48 4 0
59 25 0
50 13 0
17 15 1
35 6 1
45 45 3
60 38 1
12 29 1
18 1 3
82 17 1
18 39 1
16 23 0
82 1 1
76 40 0
56 25 0
68 13 2
1 13 2
65 45 1
79 25 3
30 18 3
35 14 3
51 4 1
41 28 2
72 15 2
64 27 1
82 14 3
21 35 1
28 13 1
23 5 2
15 6 0
76 37 1
20 29 3
68 7 1
6 45 0
8 5 2
80 32 0
27 41 1
25 4 2
17 14 2
77 38 0
42 33 2
5 35 2
23 10 0
24 43 3
46 29 2
57 41 3
28 6 0
73 31 1
57 21 3
61 16 0
16 27 3
20 25 3
4 16 1
9 4 0
13 9 2
19 19 0
48 28 3
38 8 2
15 45 3
29 43 1
57 23 2
39 39 0
79 30 2
52 29 0
5 34 2
19 15 1
64 32 3
59 33 0
6 14 3
52 17 3
33 30 0
39 2 3
24 25 3
79 46 3
19 11 1
37 25 3
71 20 0
23 35 0
64 46 3
8 28 2
73 7 0
56 9 3
43 26 2
75 7 2
34 18 1
22 44 1
82 45 3
80 37 0
20 18 0
6 15 0
48 19 2
11 41 0
63 28 2
45 10 1
11 32 0
59 15 2
63 39 0
50 19 0
54 9 1
41 38 1
12 9 3
10 31 2
55 21 1
33 40 0
59 23 0
69 15 0
57 24 1
73 21 3
82 42 0
13 7 3
18 18 0
75 25 2
58 15 3
31 5 2
47 39 2
67 20 3
27 27 2
38 19 1
65 12 1
49 17 2
15 35 3
56 11 1
50 24 2
15 12 0
37 36 1
12 15 0
37 27 0
26 16 1
50 28 2
30 38 1
75 16 1
46 39 3
35 8 0
42 46 1
21 36 3
65 10 3
54 29 3
17 25 0
76 43 2
72 21 3
78 20 0
80 24 0
64 42 2
52 43 0
72 30 3
54 5 3
4 28 2
41 46 1
16 33 3
15 25 1
37 43 0
12 45 3
57 40 1
64 3 3
30 44 3
56 2 0
34 46 0
47 17 2
45 26 2
15 21 3
16 8 3
15 20 0
59 39 3
62 43 1
69 16 3
37 17 3
13 12 3
12 10 1
18 46 0
27 26 0
73 17 2
4 3 2
65 42 1
46 26 2
20 34 2
82 11 0
27 19 0
67 10 2
22 43 2
29 13 1
29 14 0
40 45 2
3 44 2
74 20 1
38 39 0
28 31 1
66 18 0
29 22 0
30 16 2
70 22 1
27 43 3
19 9 1
32 9 1
82 36 2
3 3 1
26 17 1
68 42 0
80 21 3
81 12 1
58 18 0
49 39 0
32 10 1
70 24 3
5 27 1
61 34 0
81 39 0
73 38 2
8 12 1
32 22 0
12 8 1
39 46 1
20 13 1
77 40 2
13 16 2
32 30 3
5 40 2
45 5 3
71 3 2
74 18 3
22 31 2
65 43 2
50 21 1
60 42 1
22 45 1
24 5 2
19 43 2
49 29 2
75 10 2
13 13 1
69 24 3
75 5 0
24 1 1
46 10 1
10 16 0
26 12 2
28 5 3
39 33 3
39 18 3
77 30 0
43 15 2
4 11 1
6 37 2
15 33 0
59 40 3
28 24 1
40 18 0
18 3 2
39 7 2
75 4 0
37 3 0
55 14 3
40 8 1
3 7 1
61 42 0
19 3 1
75 29 0
40 33 0
47 20 3
14 15 2
63 8 1
37 2 2
25 14 0
75 22 2
68 40 3
67 39 3
34 13 0
37 40 1
33 8 1
26 10 0
60 37 2
33 10 2
75 9 1
67 33 2
29 11 2
47 45 2
54 21 2
80 25 2
54 40 2
56 30 2
14 2 3
31 27 1
33 16 3
53 10 2
9 37 1
28 44 3
60 29 0
57 28 1
44 18 0
60 3 2
80 40 2
81 5 1
27 15 3
54 39 3
72 22 1
80 38 1
27 8 3
78 15 0
68 14 0
31 24 0
49 1 1
42 1 1
60 26 2
2 21 0
13 15 0
8 27 2
44 43 1
17 28 1
23 36 0
79 9 1
73 2 2
26 43 0
58 35 2
15 19 0
57 19 2
26 5 3
3 34 3
2 26 0
10 9 2
16 45 3
6 36 3
80 15 2
78 17 3
63 22 2
66 33 0
23 40 1
72 19 2
64 38 2
81 17 0
8 38 0
47 9 3
31 11 2
14 20 0
10 22 1
21 10 1
45 3 0
15 44 0
7 21 0
76 39 2
59 14 2
74 29 2
19 24 0
45 1 3
81 24 1
5 2 0
54 31 3
76 45 3
16 28 0
72 31 3
33 19 1
34 45 3
82 3 3
49 32 0
34 21 2
48 16 1
29 26 2
80 23 2
13 44 3
43 41 2
25 17 2
37 33 2
50 9 1
64 44 0
36 41 2
71 41 3
42 30 3
37 18 0
43 16 2
65 38 0
69 9 0
35 36 0
36 36 1
9 1 0
61 20 0
14 33 1
64 7 0
48 34 3
79 20 3
42 19 3
44 16 0
76 6 2
9 31 1
5 3 1
47 40 1
32 24 2
68 43 1
61 14 3
19 39 0
13 32 3
40 20 1
77 28 3
36 37 3
33 18 3
58 3 0
8 42 2
38 11 0
63 9 1
39 35 2
31 16 0
12 19 0
28 4 3
28 45 1
78 3 3
58 26 0
11 40 3
2 39 1
16 29 2
22 17 1
20 17 1
33 39 0
15 46 3
62 14 0
64 6 0
6 29 1
63 40 0
26 24 0
71 14 2
11 2 2
69 3 3
78 39 1
24 17 0
35 23 0
68 44 2
32 19 1
31 37 2
29 10 3
38 7 1
54 16 1
19 13 2
80 44 1
3 37 3
52 40 1
65 7 2
66 21 3
29 24 1
39 4 2
62 9 0
24 23 1
57 6 3
7 34 0
21 24 0
43 31 1
20 37 1
41 4 1
33 36 2
63 18 1
5 32 0
12 5 1
56 35 0
47 22 0
73 5 1
72 5 3
15 15 3
31 14 1
3 20 2
34 5 3
40 2 2
27 37 3
50 1 0
79 23 2
21 7 1
28 39 1
79 10 3
52 25 0
64 33 3
76 19 3
17 43 2
67 19 3
23 2 1
38 41 3
50 35 2
37 19 3
81 37 1
41 3 0
75 31 3
9 7 1
9 10 1
36 27 3
66 28 0
73 26 1
57 20 3
20 28 2
75 35 1
35 21 3
77 4 2
13 34 2
62 45 3
54 28 3
81 41 0
26 29 0
7 44 2
16 2 0
27 4 2
23 15 3
58 32 0
36 45 0
5 21 3
77 41 0
52 27 2
41 37 3
56 45 2
6 28 0
27 5 3
70 6 1
55 28 1
56 24 3
25 25 0
19 18 0
39 19 2
53 9 2
66 43 0
73 9 0
22 5 1
79 41 0
43 9 2
8 33 1
3 8 0
29 4 3
67 15 2
50 36 1
32 41 1
80 42 0
53 30 0
73 16 1
46 28 3
3 18 1
63 25 0
18 36 1
6 43 2
60 28 3
12 14 1
75 14 1
63 23 1
8 8 3
51 23 3
38 20 0
58 20 2
54 6 3
36 28 3
79 42 1
29 41 1
48 1 1
6 39 1
77 16 1
66 17 1
34 35 0
14 30 3
19 5 3
80 36 1
7 38 0
11 20 2
48 11 2
1 37 3
26 19 1
12 13 3
12 21 0
71 31 1
22 33 3
63 17 0
53 38 0
22 40 0
79 36 0
14 17 0
32 35 1
20 11 1
16 12 2
63 13 3
9 38 3
31 31 2
35 3 0
51 3 1
12 1 1
62 7 0
74 15 3
71 37 3
66 5 3
44 3 0
63 44 2
30 27 3
70 34 2
22 18 0
65 2 2
25 10 1
6 1 3
13 40 3
38 28 3
43 10 3
1 32 3
2 42 1
4 27 1
75 26 1
62 34 0
6 26 3
58 30 3
66 7 0
64 18 3
31 1 0
56 19 2
15 26 3
73 10 1
71 32 2
12 16 1
24 45 1
6 21 1
5 38 2
51 13 2
55 6 2
39 36 3
75 44 0
16 36 3
28 33 1
53 24 0
9 46 0
47 24 1
60 23 2
37 22 2
24 30 2
43 40 3
50 8 3
16 24 2
11 29 0
80 41 0
5 31 0
77 39 3
29 23 2
69 4 3
27 40 3
80 6 1
53 32 3
79 21 3
77 13 1
24 33 2
34 38 0
60 41 1
43 39 2
49 44 2
72 32 2
59 38 2
48 42 2
9 25 3
7 17 1
37 21 1
41 16 1
30 14 1
15 16 0
58 28 1
56 13 2
4 39 0
73 8 3
68 39 3
72 42 2
17 41 2
35 32 1
24 20 3
74 6 1
49 27 2
75 6 0
8 43 1
70 29 1
10 17 1
22 26 1
67 4 3
3 4 1
40 30 3
41 7 1
15 7 0
23 31 0
31 36 3
72 7 2
18 31 3
56 10 2
19 37 2
49 18 2
10 32 3
30 1 1
19 36 3
75 32 2
43 8 0
49 12 0
61 25 0
69 38 2
50 41 3
61 22 3
29 18 1
77 24 1
78 25 2
42 22 2
50 37 0
76 27 3
51 10 3
67 9 1
77 33 0
47 19 2
55 31 0
16 38 3
7 9 1
56 23 1
73 35 2
47 29 1
6 4 3
24 7 3
57 11 1
70 33 3
72 26 3
52 2 2
49 13 1
28 2 3
58 37 2
24 46 0
4 36 1
59 8 1
3 45 0
36 9 2
44 2 3
81 2 2
57 2 0
82 32 2
36 10 3
21 9 1
75 20 3
28 43 3
66 16 2
51 28 3
30 7 1
29 28 2
77 6 0
67 22 2
66 26 3
82 9 3
56 12 0
16 13 2
54 36 3
5 10 0
14 1 3
9 3 0
3 13 0
20 33 1
78 27 1
31 7 2
13 23 3
23 38 2
42 34 2
54 13 2
57 14 0
10 18 2
20 41 2
61 11 1
24 34 2
1 4 3
46 27 3
31 17 3
33 4 2
76 10 3
54 32 1
17 27 0
78 26 3
46 17 1
72 2 0
53 23 2
36 38 3
41 24 2
34 19 0
53 28 2
36 16 2
67 7 1
29 39 3
65 36 2
50 16 1
15 40 1
12 28 2
39 24 1
36 11 3
49 31 2
9 6 2
50 26 1
28 18 3
5 36 3
79 37 0
25 32 0
27 42 2
39 22 2
2 38 3
36 18 1
72 14 2
22 34 3
1 23 1
63 41 0
54 30 2
77 12 3
76 33 2
31 8 3
27 44 1
10 4 3
10 29 3
36 14 3
28 41 1
7 13 2
57 34 0
46 25 2
53 17 3
18 25 1
70 39 1
28 20 2
6 6 3
30 22 2
26 38 2
68 4 0
29 37 3
20 44 3
41 41 1
62 42 0
27 11 0
14 7 3
54 22 0
42 37 3
82 21 3
60 43 3
81 46 1
12 40 0
27 12 1
36 44 3
40 10 2
82 25 1
2 33 2
46 32 2
72 3 2
34 20 2
37 11 1
24 40 1
23 17 0
73 24 1
36 25 0
46 9 2
55 36 3
63 16 0
55 17 3
23 8 2
80 7 1
7 45 0
52 3 0
41 35 1
72 17 0
67 14 0
7 42 1
48 24 2
26 39 3
29 6 0
2 5 1
1 33 1
10 19 0
32 43 1
11 3 0
21 40 3
1 21 2
44 35 0
58 22 3
45 44 0
52 41 0
82 34 1
52 33 1
3 32 1
28 14 3
43 6 2
68 33 3
66 13 1
30 4 1
30 23 2
27 25 3
21 25 2
36 40 2
3 42 1
76 29 3
78 38 2
80 30 2
76 38 3
10 6 2
79 34 2
49 24 2
25 1 2
75 3 2
55 5 1
56 22 1
17 32 1
51 43 1
26 36 1
81 31 3
57 5 2
2 36 1
69 21 2
66 27 1
14 29 1
12 3 2
39 44 3
40 12 3
14 32 3
34 28 2
70 9 0
10 39 3
9 26 2
69 13 3
79 24 2
54 42 3
54 15 1
51 41 2
52 23 3
69 29 1
43 27 2
39 3 2
42 4 0
12 33 3
40 29 2
30 42 3
76 3 1
82 13 1
19 27 3
56 46 3
73 13 0
70 7 2
12 32 2
64 17 2
32 42 3
17 18 1
82 26 0
56 38 3
50 11 1
3 21 0
18 32 0
42 6 0
49 3 1
45 22 0
44 24 1
47 36 0
66 25 3
2 24 2
47 35 1
4 21 2
76 11 3
21 14 0
38 35 0
20 31 2
70 3 3
53 42 3
48 46 1
26 18 0
10 34 0
50 3 1
41 45 2
55 38 1
71 44 3
74 14 1
11 27 3
14 45 2
63 46 3
72 20 0
79 4 0
35 42 0
3 19 1
49 14 2
18 37 0
48 44 3
28 19 1
10 37 0
44 6 2
24 11 3
82 43 1
76 12 2
12 38 2
25 27 3
28 37 1
53 29 3
52 42 1
13 21 1
24 18 2
53 4 3
79 13 2
37 42 1
50 29 3
48 32 0
7 43 3
48 20 2
52 15 2
44 5 2
39 34 1
32 11 1
13 22 2
41 8 1
58 16 1
65 18 3
82 38 0
62 40 0
8 35 3
8 21 0
52 35 2
46 21 2
72 46 2
75 43 0
70 26 2
77 43 2
52 44 1
14 37 1
52 20 1
81 11 3
73 3 2
8 24 1
29 30 1
65 32 2
50 33 0
65 26 1
24 21 3
33 23 0
11 44 2
17 2 3
78 44 3
46 46 3